2015246863 31 0 1 1
2015246875 31 0 1 0
2015247030 31 0 1 1
2015247197 31 0 1 1
2015247364 31 0 1 1
2015247531 31 0 1 1
2015247698 31 0 1 1
2015247865 31 0 1 1
2015248032 31 0 1 1
2015248199 31 0 1 1
2015248366 31 0 1 1
2015248533 31 0 1 1
2015248700 31 0 1 1
2015248867 31 0 1 1
2015249034 31 0 1 1
2015249756 31 0 1 0
2021918666 143 1 1 1
2021918691 143 1 1 0
2021918809 143 1 1 1
2021918812 143 1 1 0
2021918898 143 1 1 1
2021918989 143 1 1 1
2021919075 143 1 1 1
2021919161 143 1 1 1
2021919180 143 1 1 1
2021919310 143 1 1 1
2021919358 143 1 1 1
2021919476 143 1 1 1
2021919532 143 1 1 1
2021919642 143 1 1 1
2021919702 143 1 1 1
2021919813 143 1 1 1
2021919876 143 1 1 1
2021919974 143 1 1 1
2021920050 143 1 1 1
2021920140 143 1 1 1
2021920224 143 1 1 1
2021920389 143 1 1 1
2021920394 143 1 1 1
2021920555 143 1 1 1
2021920568 143 1 1 1
2021920600 143 1 1 0
2021920721 143 1 1 1
2021920751 143 1 1 1
2021920766 143 1 1 0
2021920887 143 1 1 1
2021920925 143 1 1 1
2021921058 143 1 1 0
2022681761 33 0 1 1
2022681844 33 0 1 1
2022681927 33 0 1 1
2022682010 33 0 1 1
2022682093 33 0 1 1
2022682176 33 0 1 1
2022682259 33 0 1 1
2022682342 33 0 1 1
2022682425 33 0 1 1
2022682508 33 0 1 1
2022682591 33 0 1 1
2022682674 33 0 1 1
2022682757 33 0 1 1
2022682840 33 0 1 1
2022682923 33 0 1 1
2022683006 33 0 1 1
2022683089 33 0 1 1
2022683172 33 0 1 1
2022683255 33 0 1 1
2022683338 33 0 1 1
2022683421 33 0 1 1
2022683504 33 0 1 1
2022683587 33 0 1 1
2022683670 33 0 1 1
2022683753 33 0 1 1
2022683836 33 0 1 1
2022690922 33 0 1 1
2022691005 33 0 1 1
2022691088 33 0 1 1
2022691171 33 0 1 1
2022691238 33 0 1 1
2022691321 33 0 1 1
2022691404 33 0 1 1
2022691487 33 0 1 1
2022691570 33 0 1 1
2022691653 33 0 1 1
2022691736 33 0 1 1
2022691819 33 0 1 1
2022691902 33 0 1 1
2022691985 33 0 1 1
2022692068 33 0 1 1
2022692151 33 0 1 1
2022692234 33 0 1 1
2022692317 33 0 1 1
2022692400 33 0 1 1
2022692483 33 0 1 1
2022692566 33 0 1 1
2022692649 33 0 1 1
2022692732 33 0 1 1
2022692815 33 0 1 1
2022692898 33 0 1 1
2022692981 33 0 1 1
2022694892 33 0 1 0
2030243433 55 0 1 1
2030243519 55 0 1 1
2030243605 55 0 1 1
2030243774 55 0 1 1
2030243860 55 0 1 1
2030243946 55 0 1 1
2030244032 55 0 1 1
2030244118 55 0 1 1
2030244204 55 0 1 1
2030244290 55 0 1 1
2030244376 55 0 1 1
2030244429 55 0 1 1
2030244515 55 0 1 1
2030244601 55 0 1 1
2030244687 55 0 1 1
2030244773 55 0 1 1
2030244859 55 0 1 1
2030244945 55 0 1 1
2030245031 55 0 1 1
2030245117 55 0 1 1
2030245203 55 0 1 1
2030245289 55 0 1 1
2030245375 55 0 1 1
2030245461 55 0 1 1
2030252547 55 0 1 1
2030252669 55 0 1 1
2030252755 55 0 1 1
2030252841 55 0 1 1
2030252887 55 0 1 1
2030253009 55 0 1 1
2030253095 55 0 1 1
2030253181 55 0 1 1
2030253227 55 0 1 1
2030253314 55 0 1 1
2030253402 55 0 1 1
2030253488 55 0 1 1
2030253574 55 0 1 1
2030253660 55 0 1 1
2030253746 55 0 1 1
2030253832 55 0 1 1
2030253988 55 0 1 1
2030254074 55 0 1 1
2030254160 55 0 1 1
2030254164 55 0 1 1
2030254262 55 0 1 1
2030254348 55 0 1 1
2030254434 55 0 1 1
2030254520 55 0 1 1
2030254599 55 0 1 1
2030261700 55 0 1 1
2030261790 55 0 1 1
2030261882 143 1 4 1
2030261911 55 0 1 1
2030261942 55 0 1 1
2030261965 143 1 4 1
2030262025 55 0 1 1
2030262048 143 1 4 1
2030262131 143 1 4 1
2030262168 55 0 1 1
2030262199 55 0 1 1
2030262218 143 1 4 1
2030262301 143 1 4 1
2030262334 55 0 1 1
2030262369 55 0 1 1
2030262384 143 1 4 1
2030262456 55 0 1 1
2030262474 143 1 4 1
2030262550 143 1 4 1
2030262591 55 0 1 1
2030262626 55 0 1 1
2030262627 143 1 4 1
2030262757 55 0 1 1
2030262796 55 0 1 1
2030262883 55 0 1 1
2030262966 55 0 1 1
2030263097 55 0 1 1
2030263131 55 0 1 1
2030263240 143 1 4 0
2030263263 55 0 1 1
2030263301 55 0 1 1
2030263388 55 0 1 1
2030263523 55 0 1 1
2030263558 55 0 1 1
2030263694 55 0 1 1
2030263728 55 0 1 1
2030270814 55 0 1 1
2030270902 55 0 1 1
2030270980 55 0 1 1
2030271063 55 0 1 1
2030271146 55 0 1 1
2030271255 55 0 1 1
2030271316 55 0 1 1
2030271399 55 0 1 1
2030271482 55 0 1 1
2030271565 55 0 1 1
2030271690 55 0 1 1
2030271731 55 0 1 1
2030271818 55 0 1 1
2030271901 55 0 1 1
2030271984 55 0 1 1
2030272137 55 0 1 1
2030272150 55