1 553 55870 0.7351280937907078
2 450 56320 0.7410492243318991
3 386 56706 0.7461282385294543
4 386 57092 0.7512072527270096
5 337 57429 0.7556415215989684
6 346 57775 0.7601942130817511
7 318 58093 0.764378478664193
8 315 58408 0.7685232700430269
9 287 58695 0.77229963552152
10 266 58961 0.7757996815747575
11 311 59272 0.7798918406821143
12 238 59510 0.783023460835011
13 238 59748 0.7861550809879078
14 272 60020 0.7897340754483612
15 238 60258 0.7928656956012579
16 223 60481 0.7957999447361149
17 244 60725 0.7990105132962276
18 235 60960 0.8021026592455164
19 227 61187 0.8050895406518507
20 229 61416 0.8081027381939236
21 234 61650 0.8111817260753431
22 233 61883 0.8142475558888933
23 219 62102 0.817129172752273
24 175 62277 0.819431834629403
25 202 62479 0.8220897643390045
26 206 62685 0.8248003263200832
27 199 62884 0.8274187818260766
28 183 63067 0.8298267082461611
29 207 63274 0.8325504282951092
30 202 63476 0.8352083580047106
31 180 63656 0.8375768102211871
32 170 63826 0.8398136817589705
33 187 64013 0.8422742404505322
34 189 64202 0.8447611152778326
35 173 64375 0.847037461019224
36 182 64557 0.8494322293714391
37 189 64746 0.8519191041987395
38 176 64922 0.8542349241437387
39 156 65078 0.8562875827313517
40 172 65250 0.8585507704048737
41 161 65411 0.8606692193318333
42 164 65575 0.8628271424624008
43 151 65726 0.8648140107106672
44 144 65870 0.8667087724838485
45 155 66025 0.8687482730035921
46 146 66171 0.870669350912512
47 148 66319 0.8726167449571705
48 137 66456 0.8744194002552665
49 132 66588 0.876156265214016
50 134 66722 0.877919446308504
51 115 66837 0.8794326241134752
52 125 66962 0.8810773825971394
53 124 67086 0.8827089830129344
54 123 67209 0.8843274253608601
55 138 67347 0.8861432387268253
56 129 67476 0.8878406294819668
57 126 67602 0.8894985460335004
58 122 67724 0.8911038303135568
59 117 67841 0.8926433242542665
60 138 67979 0.8944591376202319
61 110 68089 0.8959065250858564
62 108 68197 0.8973275964157423
63 119 68316 0.8988934064921907
64 126 68442 0.9005513230437242
65 122 68564 0.9021566073237806
66 97 68661 0.903432939907104
67 117 68778 0.9049724338478138
68 105 68883 0.9063540309740917
69 94 68977 0.9075908893538073
70 108 69085 0.9090119606836932
71 104 69189 0.9103803997421018
72 115 69304 0.911893577547073
73 107 69411 0.9133014908090896
74 85 69496 0.9144199265779813
75 86 69582 0.9155515204147423
76 92 69674 0.9167620626587192
77 96 69770 0.9180252371741734
78 103 69873 0.9193805181647127
79 97 69970 0.9206568507480362
80 76 70046 0.921656863906104
81 82 70128 0.9227358254713878
82 80 70208 0.9237884709009329
83 88 70296 0.9249463808734325
84 84 70380 0.9260516585744549
85 87 70467 0.9271964104790853
86 86 70553 0.9283280043158463
87 69 70622 0.929235910998829
88 77 70699 0.9302490822247661
89 97 70796 0.9315254148080896
90 71 70867 0.9324596376268108
91 96 70963 0.933722812142265
92 79 71042 0.9347622995039409
93 62 71104 0.9355780997118384
94 83 71187 0.9366702193449914
95 83 71270 0.9377623389781444
96 66 71336 0.9386307714575192
97 60 71396 0.939420255529678
98 66 71462 0.9402886880090527
99 71 71533 0.9412229108277741
100 68 71601 0.9421176594428874
101 58 71659 0.9428808273793077
102 64 71723 0.9437229437229437
103 76 71799 0.9447229568810116
104 60 71859 0.9455124409531704
105 71 71930 0.9464466637718917
106 69 71999 0.9473545704548744
107 70 72069 0.9482756352057264
108 67 72136 0.9491572257529705
109 39 72175 0.9496703903998737
110 62 72237 0.9504861906077712
111 51 72288 0.9511572520691062
112 50 72338 0.9518151554625719
113 50 72388 0.9524730588560376
114 55 72443 0.9531967525888498
115 48 72491 0.9538283398465769
116 48 72539 0.954459927104304
117 48 72587 0.9550915143620311
118 40 72627 0.9556178370768036
119 62 72689 0.9564336372847011
120 45 72734 0.9570257503388202
121 45 72779 0.9576178633929394
122 43 72822 0.9581836603113199
123 55 72877 0.9589073540441322
124 40 72917 0.9594336767589047
125 45 72962 0.9600257898130239
126 47 73009 0.9606442190028817
127 33 73042 0.961078435242569
128 36 73078 0.9615521256858642
129 52 73130 0.9622363452150686
130 41 73171 0.9627758259977105
131 39 73210 0.9632889906446137
132 32 73242 0.9637100488164317
133 35 73277 0.9641705811918578
134 54 73331 0.9648811168568008
135 37 73368 0.9653679653679653
136 41 73409 0.9659074461506072
137 40 73449 0.9664337688653798
138 40 73489 0.9669600915801524
139 26 73515 0.9673022013447545
140 33 73548 0.967736417584442
141 37 73585 0.9682232660956065
142 41 73626 0.9687627468782484
143 40 73666 0.969289069593021
144 28 73694 0.9696574954933618
145 37 73731 0.9701443440045264
146 35 73766 0.9706048763799524
147 37 73803 0.971091724891117
148 26 73829 0.9714338346557192
149 35 73864 0.9718943670311452
150 33 73897 0.9723285832708325
151 33 73930 0.9727627995105199
152 27 73957 0.9731180673429913
153 29 73986 0.9734996513112014
154 34 74020 0.9739470256187581
155 25 74045 0.974275977315491
156 34 74079 0.9747233516230477
157 26 74105 0.9750654613876498
158 29 74134 0.9754470453558599
159 27 74161 0.9758023131883314
160 34 74195 0.9762496874958881
161 33 74228 0.9766839037355755
162 22 74250 0.9769733812287004
163 33 74283 0.9774075974683878
164 14 74297 0.9775918104185581
165 34 74331 0.9780391847261148
166 21 74352 0.9783155041513704
167 30 74382 0.9787102461874498
168 23 74405 0.979012881748444
169 26 74431 0.9793549915130462
170 23 74454 0.9796576270740405
171 23 74477 0.9799602626350347
172 26 74503 0.9803023723996368
173 22 74525 0.9805918498927617
174 17 74542 0.9808155370465401
175 23 74565 0.9811181726075343
176 20 74585 0.9813813339649206
177 16 74601 0.9815918630508296
178 27 74628 0.9819471308833011
179 15 74643 0.9821445019013408
180 14 74657 0.9823287148515112
181 19 74676 0.9825787181410282
182 25 74701 0.982907669837761
183 16 74717 0.98311819892367
184 18 74735 0.9833550441453177
185 16 74751 0.9835655732312267
186 21 74772 0.9838418926564824
187 24 74796 0.9841576862853458
188 14 74810 0.9843418992355163
189 11 74821 0.9844866379820787
190 12 74833 0.9846445347965105
191 23 74856 0.9849471703575047
192 16 74872 0.9851576994434137
193 23 74895 0.985460335004408
194 16 74911 0.985670864090317
195 11 74922 0.9858156028368794
196 16 74938 0.9860261319227884
197 11 74949 0.9861708706693509
198 15 74964 0.9863682416873907
199 13 74977 0.9865392965696917
200 23 75000 0.9868419321306859
201 13 75013 0.987012987012987
202 16 75029 0.987223516098896
203 10 75039 0.9873550967775891
204 10 75049 0.9874866774562823
205 9 75058 0.9876051000671061
206 10 75068 0.9877366807457992
207 12 75080 0.987894577560231
208 17 75097 0.9881182647140094
209 10 75107 0.9882498453927026
210 14 75121 0.9884340583428729
211 11 75132 0.9885787970894354
212 21 75153 0.9888551165146909
213 17 75170 0.9890788036684693
214 12 75182 0.9892367004829011
215 14 75196 0.9894209134330715
216 10 75206 0.9895524941117646
217 14 75220 0.9897367070619351
218 7 75227 0.9898288135370202
219 7 75234 0.9899209200121054
220 13 75247 0.9900919748944065
221 11 75258 0.990236713640969
222 13 75271 0.9904077685232701
223 4 75275 0.9904604007947473
224 19 75294 0.9907104040842643
225 11 75305 0.9908551428308268
226 11 75316 0.9909998815773892
227 11 75327 0.9911446203239517
228 6 75333 0.9912235687311676
229 9 75342 0.9913419913419913
230 8 75350 0.9914472558849459
231 20 75370 0.9917104172423321
232 16 75386 0.9919209463282411
233 8 75394 0.9920262108711957
234 7 75401 0.9921183173462809
235 8 75409 0.9922235818892354
236 9 75418 0.9923420045000592
237 7 75425 0.9924341109751444
238 12 75437 0.9925920077895761
239 10 75447 0.9927235884682694
240 5 75452 0.9927893788076159
241 7 75459 0.992881485282701
242 3 75462 0.992920959486309
243 4 75466 0.9929735917577863
244 6 75472 0.9930525401650022
245 10 75482 0.9931841208436953
246 6 75488 0.9932630692509112
247 4 75492 0.9933157015223885
248 6 75498 0.9933946499296044
249 8 75506 0.9934999144725588
250 9 75515 0.9936183370833827
251 3 75518 0.9936578112869906
252 5 75523 0.9937236016263372
253 8 75531 0.9938288661692917
254 2 75533 0.9938551823050303
255 13 75546 0.9940262371873314
256 5 75551 0.994092027526678
257 10 75561 0.9942236082053711
258 4 75565 0.9942762404768484
259 3 75568 0.9943157146804563
260 4 75572 0.9943683469519335
261 9 75581 0.9944867695627574
262 5 75586 0.994552559902104
263 5 75591 0.9946183502414505
264 5 75596 0.9946841405807971
265 5 75601 0.9947499309201436
266 7 75608 0.9948420373952289
267 5 75613 0.9949078277345754
268 4 75617 0.9949604600060528
269 4 75621 0.99501309227753
270 6 75627 0.9950920406847459
271 5 75632 0.9951578310240924
272 5 75637 0.995223621363439
273 5 75642 0.9952894117027855
274 4 75646 0.9953420439742628
275 5 75651 0.9954078343136094
276 2 75653 0.995434150449348
277 10 75663 0.9955657311280411
278 5 75668 0.9956315214673878
279 5 75673 0.9956973118067343
280 4 75677 0.9957499440782116
281 8 75685 0.995855208621166
282 3 75688 0.995894682824774
283 5 75693 0.9959604731641206
284 5 75698 0.9960262635034671
285 8 75706 0.9961315280464217
286 5 75711 0.9961973183857682
287 4 75715 0.9962499506572455
288 4 75719 0.9963025829287228
289 4 75723 0.9963552152002
290 5 75728 0.9964210055395466
291 3 75731 0.9964604797431545
292 3 75734 0.9964999539467625
293 5 75739 0.996565744286109
294 3 75742 0.996605218489717
295 4 75746 0.9966578507611942
296 4 75750 0.9967104830326715
297 2 75752 0.9967367991684101
298 6 75758 0.996815747575626
299 1 75759 0.9968289056434954
300 4 75763 0.9968815379149726
301 2 75765 0.9969078540507111
302 2 75767 0.9969341701864498
303 2 75769 0.9969604863221885
304 3 75772 0.9969999605257964
305 2 75774 0.997026276661535
306 6 75780 0.9971052250687509
307 3 75783 0.9971446992723588
308 4 75787 0.997197331543836
309 3 75790 0.997236805747444
310 2 75792 0.9972631218831827
311 3 75795 0.9973025960867906
312 6 75801 0.9973815444940065
314 5 75806 0.997447334833353
315 3 75809 0.997486809036961
316 6 75815 0.9975657574441769
318 3 75818 0.9976052316477848
319 4 75822 0.9976578639192621
320 5 75827 0.9977236542586086
321 4 75831 0.9977762865300859
322 3 75834 0.9978157607336938
323 4 75838 0.9978683930051712
325 1 75839 0.9978815510730404
327 4 75843 0.9979341833445177
328 3 75846 0.9979736575481256
329 3 75849 0.9980131317517336
330 4 75853 0.9980657640232108
331 2 75855 0.9980920801589495
333 2 75857 0.9981183962946881
334 2 75859 0.9981447124304267
335 2 75861 0.9981710285661654
336 2 75863 0.998197344701904
337 1 75864 0.9982105027697733
338 2 75866 0.998236818905512
339 3 75869 0.9982762931091198
340 2 75871 0.9983026092448585
341 2 75873 0.9983289253805971
342 2 75875 0.9983552415163357
343 1 75876 0.9983683995842051
344 1 75877 0.9983815576520744
345 1 75878 0.9983947157199436
346 2 75880 0.9984210318556823
347 3 75883 0.9984605060592903
348 5 75888 0.9985262963986368
349 3 75891 0.9985657706022447
350 1 75892 0.9985789286701141
351 2 75894 0.9986052448058527
352 1 75895 0.998618402873722
353 1 75896 0.9986315609415913
354 1 75897 0.9986447190094606
355 1 75898 0.99865787707733
356 3 75901 0.998697351280938
357 2 75903 0.9987236674166765
358 1 75904 0.9987368254845459
359 2 75906 0.9987631416202845
362 1 75907 0.9987762996881538
363 1 75908 0.9987894577560231
364 1 75909 0.9988026158238924
365 1 75910 0.9988157738917617
366 1 75911 0.9988289319596311
367 1 75912 0.9988420900275004
368 5 75917 0.998907880366847
370 1 75918 0.9989210384347162
371 2 75920 0.9989473545704549
372 2 75922 0.9989736707061935
374 1 75923 0.9989868287740629
375 2 75925 0.9990131449098014
376 1 75926 0.9990263029776708
377 2 75928 0.9990526191134094
379 2 75930 0.999078935249148
380 1 75931 0.9990920933170173
381 1 75932 0.9991052513848866
382 1 75933 0.999118409452756
384 2 75935 0.9991447255884945
385 3 75938 0.9991841997921025
386 1 75939 0.9991973578599719
391 1 75940 0.9992105159278412
392 1 75941 0.9992236739957104
393 1 75942 0.9992368320635798
394 2 75944 0.9992631481993184
397 1 75945 0.9992763062671878
399 2 75947 0.9993026224029263
401 2 75949 0.999328938538665
402 2 75951 0.9993552546744036
404 1 75952 0.999368412742273
405 1 75953 0.9993815708101422
406 1 75954 0.9993947288780115
408 1 75955 0.9994078869458809
413 1 75956 0.9994210450137502
415 1 75957 0.9994342030816195
417 1 75958 0.9994473611494888
418 1 75959 0.9994605192173581
422 1 75960 0.9994736772852274
427 2 75962 0.9994999934209661
430 3 75965 0.999539467624574
431 1 75966 0.9995526256924433
432 1 75967 0.9995657837603127
437 4 75971 0.9996184160317899
443 1 75972 0.9996315740996592
448 1 75973 0.9996447321675285
452 1 75974 0.9996578902353979
454 1 75975 0.9996710483032671
455 1 75976 0.9996842063711364
469 1 75977 0.9996973644390058
474 1 75978 0.9997105225068751
475 2 75980 0.9997368386426138
477 1 75981 0.999749996710483
478 1 75982 0.9997631547783523
479 1 75983 0.9997763128462217
483 1 75984 0.999789470914091
484 1 75985 0.9998026289819603
488 1 75986 0.9998157870498297
489 1 75987 0.9998289451176989
493 1 75988 0.9998421031855682
497 1 75989 0.9998552612534376
501 1 75990 0.9998684193213069
503 1 75991 0.9998815773891762
513 1 75992 0.9998947354570454
534 1 75993 0.9999078935249148
562 1 75994 0.9999210515927841
572 1 75995 0.9999342096606534
575 1 75996 0.9999473677285228
602 1 75997 0.999960525796392
632 1 75998 0.9999736838642613
671 1 75999 0.9999868419321307
765 1 76000 1.0
