SLOWDOWN#1BDP=104000Bytes
#Category,Avg  ,50%  ,95%   ,99%   ,99.9% 
<1BDP,1.377,1.111,2.625,3.954,6.426
>1BDP,3.086,2.082,7.141,9.675,13.435
#
#
#
#
#
#CDF   Size	Avg   50%   95%    99%    99.9% 
#0.050 873	1.297 1.005 2.605 3.983 6.655
#0.100 1743	1.306 1.022 2.567 3.961 7.177
#0.150 2613	1.310 1.035 2.571 3.899 5.975
#0.200 3475	1.335 1.048 2.634 4.092 7.035
#0.250 4173	1.330 1.060 2.592 3.866 6.417
#0.300 4610	1.340 1.067 2.592 3.965 6.636
#0.350 5044	1.341 1.073 2.590 4.098 6.859
#0.400 5474	1.352 1.079 2.637 4.107 6.447
#0.450 5903	1.346 1.082 2.591 3.955 6.464
#0.500 6339	1.348 1.090 2.566 3.907 6.391
#0.550 6764	1.356 1.095 2.599 3.898 6.396
#0.600 7203	1.367 1.102 2.644 3.992 6.594
#0.650 7627	1.363 1.107 2.598 3.950 6.599
#0.700 8520	1.362 1.112 2.562 4.016 6.207
#0.750 12048	1.387 1.138 2.604 3.998 6.284
#0.800 15560	1.417 1.173 2.668 3.978 6.370
#0.850 23066	1.448 1.222 2.633 3.915 5.794
#0.900 31208	1.503 1.293 2.685 3.940 5.852
#0.950 92650	1.617 1.440 2.784 3.721 5.273
#1.000 1999799	2.932 1.982 6.971 9.456 13.264
#
#
#
#
#
ABSOLUTE#1BDP=104000Bytes
#Category,Avg  ,50%  ,95%   ,99%   ,99.9% 
<1BDP,12.174,9.908,25.159,37.352,56.743
>1BDP,260.644,74.135,814.021,1117.177,1646.328
#
#
#
#
#
#CDF  ,Size  ,Avg   ,50%   ,95%    ,99%    ,99.9%   >> scale: us-scale
#0.050 873	10.235 8.399 21.334 32.389 52.124
#0.100 1743	10.421 8.598 21.127 32.363 52.752
#0.150 2613	10.552 8.770 21.448 31.833 48.444
#0.200 3475	10.840 8.938 22.099 33.923 55.717
#0.250 4173	10.914 9.108 21.954 32.602 49.347
#0.300 4610	11.062 9.197 22.073 33.244 52.336
#0.350 5044	11.095 9.283 22.001 34.142 55.052
#0.400 5474	11.254 9.367 22.621 35.042 54.172
#0.450 5903	11.262 9.421 22.241 33.698 53.390
#0.500 6339	11.314 9.528 22.241 33.224 52.549
#0.550 6764	11.452 9.609 22.723 33.842 53.601
#0.600 7203	11.579 9.698 23.212 34.322 53.568
#0.650 7627	11.600 9.774 22.813 34.490 53.209
#0.700 8520	11.626 9.858 22.635 34.698 51.293
#0.750 12048	12.167 10.315 23.508 36.027 56.739
#0.800 15560	12.812 10.939 24.962 37.068 56.960
#0.850 23066	13.754 11.942 26.000 37.937 53.548
#0.900 31208	15.262 13.422 28.027 40.041 58.105
#0.950 92650	20.286 18.285 36.655 49.124 68.702
#1.000 1999799	234.093 54.640 791.427 1085.920 1612.310
#
#EOF