SLOWDOWN#1BDP=104000Bytes
#Category,Avg  ,50%  ,95%   ,99%   ,99.9% 
<1BDP,1.745,1.120,4.622,8.602,15.464
>1BDP,4.511,2.546,12.417,18.836,30.778
#
#
#
#
#
#CDF   Size	Avg   50%   95%    99%    99.9% 
#0.050 871	1.700 1.006 4.779 9.262 16.008
#0.100 1739	1.694 1.023 4.688 9.161 15.658
#0.150 2611	1.712 1.038 4.712 9.266 16.773
#0.200 3468	1.717 1.049 4.760 8.910 15.697
#0.250 4168	1.704 1.062 4.596 8.802 15.863
#0.300 4606	1.715 1.070 4.652 8.767 15.523
#0.350 5040	1.722 1.075 4.730 8.642 15.212
#0.400 5469	1.737 1.082 4.664 9.184 17.595
#0.450 5901	1.726 1.086 4.675 8.635 16.592
#0.500 6334	1.719 1.093 4.653 8.831 15.821
#0.550 6759	1.725 1.100 4.657 8.551 13.916
#0.600 7198	1.738 1.108 4.728 8.676 16.087
#0.650 7624	1.759 1.112 4.756 8.651 17.597
#0.700 8497	1.755 1.119 4.660 8.786 15.633
#0.750 12019	1.751 1.143 4.622 8.506 15.196
#0.800 15537	1.782 1.187 4.630 8.407 15.628
#0.850 23021	1.778 1.231 4.445 7.945 14.038
#0.900 31163	1.826 1.297 4.420 7.749 14.385
#0.950 91953	1.876 1.443 4.166 6.951 12.796
#1.000 1999698	4.206 2.297 11.891 18.459 29.140
#
#
#
#
#
ABSOLUTE#1BDP=104000Bytes
#Category,Avg  ,50%  ,95%   ,99%   ,99.9% 
<1BDP,15.558,10.059,42.833,78.833,140.966
>1BDP,409.658,87.197,1497.577,2607.003,4736.013
#
#
#
#
#
#CDF  ,Size  ,Avg   ,50%   ,95%    ,99%    ,99.9%   >> scale: us-scale
#0.050 871	13.649 8.409 39.823 77.436 134.164
#0.100 1739	13.719 8.611 39.216 76.737 131.745
#0.150 2611	14.019 8.786 40.015 78.723 142.735
#0.200 3468	14.155 8.949 40.566 76.318 134.573
#0.250 4168	14.195 9.113 39.657 76.141 136.822
#0.300 4606	14.358 9.210 40.338 76.281 134.879
#0.350 5040	14.446 9.292 41.057 75.396 132.570
#0.400 5469	14.652 9.379 40.700 80.375 154.181
#0.450 5901	14.643 9.452 40.972 75.530 145.742
#0.500 6334	14.623 9.546 40.934 77.771 139.970
#0.550 6759	14.753 9.639 41.050 75.872 123.433
#0.600 7198	14.897 9.723 41.952 77.127 143.420
#0.650 7624	15.179 9.803 42.428 77.265 157.371
#0.700 8497	15.199 9.902 41.786 78.795 140.444
#0.750 12019	15.539 10.366 42.225 78.178 138.618
#0.800 15537	16.299 11.018 43.639 79.342 148.283
#0.850 23021	17.038 12.006 43.930 78.947 138.990
#0.900 31163	18.710 13.461 46.693 82.388 156.957
#0.950 91953	23.584 18.480 54.733 89.046 151.850
#1.000 1999698	364.355 64.705 1407.390 2520.830 4529.850
#
#EOF