SLOWDOWN#1BDP=104000Bytes
#Category,Avg  ,50%  ,95%   ,99%   ,99.9% 
<1BDP,1.160,1.038,1.736,3.187,5.618
>1BDP,2.152,1.360,6.096,8.708,11.659
#
#
#
#
#
#CDF   Size	Avg   50%   95%    99%    99.9% 
#0.050 873	1.103 1.000 1.536 3.267 6.004
#0.100 1741	1.112 1.013 1.598 3.146 5.739
#0.150 2611	1.119 1.020 1.602 3.262 5.714
#0.200 3471	1.130 1.025 1.623 3.342 5.713
#0.250 4171	1.131 1.030 1.596 3.310 5.376
#0.300 4609	1.134 1.032 1.624 3.175 5.390
#0.350 5043	1.138 1.034 1.627 3.170 6.458
#0.400 5472	1.141 1.037 1.649 3.187 5.663
#0.450 5902	1.148 1.038 1.663 3.265 6.137
#0.500 6336	1.145 1.040 1.649 3.149 5.917
#0.550 6762	1.149 1.043 1.662 3.161 5.755
#0.600 7201	1.160 1.045 1.725 3.312 5.827
#0.650 7625	1.155 1.045 1.645 3.241 5.942
#0.700 8512	1.158 1.047 1.692 3.247 5.362
#0.750 12035	1.166 1.054 1.691 3.149 5.410
#0.800 15550	1.190 1.067 1.764 3.173 5.845
#0.850 23037	1.204 1.079 1.782 3.097 4.983
#0.900 31195	1.233 1.097 1.840 3.073 5.064
#0.950 92594	1.302 1.145 2.081 3.047 4.572
#1.000 1999799	2.064 1.336 5.871 8.578 11.559
#
#
#
#
#
ABSOLUTE#1BDP=104000Bytes
#Category,Avg  ,50%  ,95%   ,99%   ,99.9% 
<1BDP,10.136,9.185,17.381,28.923,46.527
>1BDP,173.431,59.666,649.012,973.921,1340.952
#
#
#
#
#
#CDF  ,Size  ,Avg   ,50%   ,95%    ,99%    ,99.9%   >> scale: us-scale
#0.050 873	8.609 8.334 12.354 25.170 41.867
#0.100 1741	8.787 8.526 12.729 24.965 41.918
#0.150 2611	8.919 8.652 12.802 24.740 41.153
#0.200 3471	9.099 8.764 13.204 26.309 46.712
#0.250 4171	9.199 8.868 13.224 26.073 40.848
#0.300 4609	9.280 8.931 13.509 25.117 43.182
#0.350 5043	9.328 8.981 13.541 25.845 45.150
#0.400 5472	9.410 9.034 13.744 25.564 39.396
#0.450 5902	9.507 9.076 14.109 26.630 42.092
#0.500 6336	9.520 9.126 13.837 25.657 42.737
#0.550 6762	9.616 9.178 14.171 26.550 42.531
#0.600 7201	9.718 9.237 14.619 27.159 47.616
#0.650 7625	9.736 9.274 14.264 27.021 43.943
#0.700 8512	9.798 9.325 14.449 27.490 41.400
#0.750 12035	10.132 9.592 14.948 27.202 42.755
#0.800 15550	10.644 9.973 15.999 28.011 47.637
#0.850 23037	11.331 10.560 16.910 28.885 45.543
#0.900 31195	12.407 11.417 18.720 30.515 49.720
#0.950 92594	16.178 14.761 26.862 38.380 56.551
#1.000 1999799	156.198 45.116 628.193 952.707 1336.440
#
#EOF