SLOWDOWN#1BDP=104000Bytes
#Category,Avg  ,50%  ,95%   ,99%   ,99.9% 
<1BDP,1.010,1.006,1.033,1.048,1.070
>1BDP,1.008,1.003,1.033,1.047,1.070
#
#
#
#
#
#CDF   Size	Avg   50%   95%    99%    99.9% 
#0.050 863	1.002 1.000 1.011 1.025 1.047
#0.100 1740	1.006 1.001 1.023 1.036 1.058
#0.150 2613	1.008 1.004 1.029 1.043 1.066
#0.200 3484	1.010 1.006 1.032 1.047 1.069
#0.250 4177	1.011 1.007 1.034 1.049 1.071
#0.300 4608	1.010 1.007 1.034 1.048 1.069
#0.350 5042	1.011 1.007 1.035 1.050 1.072
#0.400 5473	1.011 1.007 1.036 1.051 1.074
#0.450 5901	1.011 1.007 1.035 1.049 1.072
#0.500 6336	1.011 1.008 1.036 1.051 1.074
#0.550 6767	1.011 1.007 1.035 1.050 1.070
#0.600 7199	1.012 1.008 1.036 1.051 1.075
#0.650 7632	1.011 1.007 1.035 1.050 1.073
#0.700 8506	1.011 1.008 1.036 1.051 1.077
#0.750 12032	1.010 1.007 1.035 1.051 1.073
#0.800 15533	1.010 1.006 1.033 1.048 1.071
#0.850 22992	1.010 1.006 1.032 1.048 1.069
#0.900 31139	1.009 1.006 1.031 1.044 1.063
#0.950 91611	1.009 1.005 1.031 1.043 1.061
#1.000 1999652	1.008 1.003 1.032 1.047 1.069
#
#
#
#
#
ABSOLUTE#1BDP=104000Bytes
#Category,Avg  ,50%  ,95%   ,99%   ,99.9% 
<1BDP,8.784,8.878,11.128,15.344,16.998
>1BDP,66.083,43.822,163.244,174.173,178.867
#
#
#
#
#
#CDF  ,Size  ,Avg   ,50%   ,95%    ,99%    ,99.9%   >> scale: us-scale
#0.050 863	7.785 8.246 8.459 8.571 8.747
#0.100 1740	7.960 8.435 8.622 8.734 8.925
#0.150 2613	8.054 8.535 8.741 8.860 9.025
#0.200 3484	8.153 8.623 8.848 8.968 9.132
#0.250 4177	8.236 8.700 8.930 9.061 9.244
#0.300 4608	8.267 8.740 8.973 9.097 9.263
#0.350 5042	8.315 8.780 9.021 9.152 9.327
#0.400 5473	8.351 8.820 9.062 9.188 9.361
#0.450 5901	8.384 8.851 9.093 9.219 9.400
#0.500 6336	8.438 8.899 9.145 9.270 9.458
#0.550 6767	8.454 8.924 9.169 9.302 9.475
#0.600 7199	8.495 8.972 9.217 9.350 9.527
#0.650 7632	8.523 9.000 9.248 9.381 9.556
#0.700 8506	8.572 9.043 9.294 9.424 9.639
#0.750 12032	8.770 9.242 9.524 9.673 9.875
#0.800 15533	9.066 9.530 9.815 9.960 10.171
#0.850 22992	9.501 9.953 10.366 10.524 10.724
#0.900 31139	10.168 10.631 11.059 11.220 11.405
#0.950 91611	12.497 12.529 15.654 16.080 16.438
#1.000 1999652	59.974 28.749 161.375 173.759 178.504
#
#EOF