SLOWDOWN#1BDP=104000Bytes
#Category,Avg  ,50%  ,95%   ,99%   ,99.9% 
<1BDP,1.828,1.128,4.972,9.471,18.557
>1BDP,4.750,2.721,13.092,19.471,31.944
#
#
#
#
#
#CDF   Size	Avg   50%   95%    99%    99.9% 
#0.050 863	1.775 1.008 5.136 10.014 20.091
#0.100 1740	1.793 1.026 5.144 9.825 19.369
#0.150 2613	1.777 1.039 5.006 9.564 17.815
#0.200 3484	1.804 1.054 5.115 9.837 19.415
#0.250 4177	1.807 1.067 5.078 9.732 19.190
#0.300 4608	1.827 1.074 5.136 10.089 21.059
#0.350 5042	1.808 1.082 4.997 9.663 19.152
#0.400 5473	1.811 1.086 5.033 9.706 18.603
#0.450 5901	1.819 1.092 5.026 9.775 20.567
#0.500 6336	1.813 1.099 5.018 9.667 18.323
#0.550 6767	1.819 1.105 5.056 9.685 18.968
#0.600 7199	1.815 1.110 5.013 9.541 17.994
#0.650 7632	1.836 1.117 5.125 9.692 19.138
#0.700 8506	1.826 1.123 4.972 9.599 19.460
#0.750 12032	1.831 1.149 4.943 9.459 18.134
#0.800 15533	1.844 1.191 4.880 9.112 17.876
#0.850 22992	1.868 1.242 4.859 8.850 17.741
#0.900 31139	1.888 1.309 4.686 8.593 15.995
#0.950 91611	1.954 1.462 4.475 7.759 14.825
#1.000 1999652	4.414 2.391 12.597 18.965 31.052
#
#
#
#
#
ABSOLUTE#1BDP=104000Bytes
#Category,Avg  ,50%  ,95%   ,99%   ,99.9% 
<1BDP,16.310,10.164,46.027,86.675,169.782
>1BDP,438.116,96.253,1612.814,2686.143,4772.997
#
#
#
#
#
#CDF  ,Size  ,Avg   ,50%   ,95%    ,99%    ,99.9%   >> scale: us-scale
#0.050 863	14.272 8.419 42.761 83.671 168.166
#0.100 1740	14.564 8.626 43.193 82.700 163.808
#0.150 2613	14.550 8.799 42.374 81.370 151.589
#0.200 3484	14.924 8.989 43.759 84.214 166.638
#0.250 4177	15.077 9.160 43.760 83.929 165.899
#0.300 4608	15.323 9.252 44.463 87.745 182.955
#0.350 5042	15.214 9.352 43.425 84.180 167.179
#0.400 5473	15.315 9.419 44.013 85.062 162.757
#0.450 5901	15.439 9.503 43.990 85.323 179.318
#0.500 6336	15.459 9.596 44.116 85.424 162.218
#0.550 6767	15.576 9.685 44.601 85.895 168.192
#0.600 7199	15.581 9.762 44.344 84.784 160.359
#0.650 7632	15.843 9.837 45.639 86.556 171.263
#0.700 8506	15.824 9.930 44.493 86.192 174.558
#0.750 12032	16.241 10.395 45.186 87.025 165.721
#0.800 15533	16.903 11.090 46.165 86.323 170.558
#0.850 22992	17.915 12.085 47.803 87.205 177.145
#0.900 31139	19.358 13.562 49.405 91.227 169.713
#0.950 91611	24.563 18.726 57.824 99.736 187.327
#1.000 1999652	388.487 67.890 1524.970 2580.010 4603.350
#
#EOF