1 11 22 0.00027629034167905587
2 19 41 0.000526267317483916
3 30 71 0.000920967805596853
4 29 100 0.001302511610772692
5 38 138 0.0018024655623824122
6 40 178 0.0023287328798663283
7 50 228 0.002986567026721223
8 43 271 0.003552304393016433
9 68 339 0.0044469588327390895
10 69 408 0.005354769955398845
11 75 483 0.006341521175681188
12 81 564 0.007407212493586117
13 67 631 0.008288710250371676
14 72 703 0.009235991421842725
15 92 795 0.010446406252055732
16 78 873 0.011472627521149368
17 87 960 0.012617258936676885
18 76 1036 0.013617166839896326
19 99 1135 0.014919678450669018
20 96 1231 0.016182720012630415
21 77 1308 0.017195784598786953
22 82 1390 0.01827463259962898
23 84 1474 0.019379793966345205
24 101 1575 0.020708618942992092
25 95 1670 0.021958503822016393
26 126 1796 0.023616245872090727
27 112 1908 0.025089794361045692
28 118 2026 0.026642282947623244
29 99 2125 0.027944794558395936
30 108 2233 0.02936571631560251
31 119 2352 0.03093136158511716
32 110 2462 0.032378596708197926
33 127 2589 0.03404949544120936
34 109 2698 0.03548357388135304
35 116 2814 0.03700974910205639
36 111 2925 0.038470140908074255
37 130 3055 0.04018050968989698
38 134 3189 0.0419435052034681
39 136 3325 0.043732814082913414
40 138 3463 0.045548436328232925
41 109 3572 0.046982514768376595
42 125 3697 0.048627100135513836
43 138 3835 0.050442722380833346
44 110 3945 0.05188995750391411
45 139 4084 0.05371873643217072
46 136 4220 0.05550804531161604
47 105 4325 0.056889497020011316
48 122 4447 0.058494612338337255
49 127 4574 0.06016551107134869
50 137 4711 0.0619679766337311
51 137 4848 0.06377044219611351
52 116 4964 0.06529661741681687
53 110 5074 0.06674385253989765
54 121 5195 0.06833581117528649
55 124 5319 0.06996723985948662
56 114 5433 0.07146710171431579
57 108 5541 0.07288802347152236
58 120 5661 0.0744668254239741
59 123 5784 0.07608509742523716
60 132 5916 0.07782177957293407
61 129 6045 0.0795189916718197
62 138 6183 0.08133461391713921
63 121 6304 0.08292657255252806
64 132 6436 0.08466325470022498
65 129 6565 0.08636046679911061
66 124 6689 0.08799189548331075
67 136 6825 0.08978120436275606
68 123 6948 0.0913994763640191
69 121 7069 0.09299143499940794
70 132 7201 0.09472811714710487
71 133 7334 0.0964779559777389
72 139 7473 0.0983067349059955
73 114 7587 0.09980659676082466
74 128 7715 0.1014906521767732
75 144 7859 0.10338521451971529
76 130 7989 0.10509558330153802
77 138 8127 0.10691120554685753
78 130 8257 0.10862157432868025
79 124 8381 0.1102530030128804
80 149 8530 0.11221334877050798
81 138 8668 0.11402897101582748
82 175 8843 0.11633139052981963
83 122 8965 0.11793650584814556
84 135 9100 0.11971265804465378
85 139 9239 0.1215414369729104
86 138 9377 0.1233570592182299
87 132 9509 0.12509374136592682
88 116 9625 0.1266199165866302
89 131 9756 0.12834344205139
90 148 9904 0.1302906311260805
91 135 10039 0.1320667833225887
92 130 10169 0.13377715210441143
93 120 10289 0.13535595405686318
94 119 10408 0.13692159932637785
95 149 10557 0.13888194508400542
96 114 10671 0.1403818069388346
97 134 10805 0.1421448024524057
98 155 10960 0.14418408830765586
99 127 11087 0.1458549870406673
100 124 11211 0.14748641572486745
101 110 11321 0.1489336508479482
102 115 11436 0.15044666938571447
103 132 11568 0.1521833515334114
104 148 11716 0.15413054060810188
105 135 11851 0.15590669280461011
106 132 11983 0.157643374952307
107 116 12099 0.15916955017301038
108 125 12224 0.16081413554014762
109 132 12356 0.16255081768784455
110 119 12475 0.16411646295735918
111 151 12626 0.16610312208086098
112 136 12762 0.1678924309603063
113 127 12889 0.16956332969331772
114 137 13026 0.17136579525570014
115 127 13153 0.17303669398871158
116 117 13270 0.17457602589235202
117 145 13415 0.1764837449182312
118 124 13539 0.17811517360243134
119 122 13661 0.1797202889207573
120 117 13778 0.18125962082439775
121 111 13889 0.18272001263041562
122 111 14000 0.1841804044364335
123 121 14121 0.18577236307182232
124 138 14259 0.18758798531714185
125 124 14383 0.18921941400134198
126 134 14517 0.1909824095149131
127 129 14646 0.19267962161379873
128 103 14749 0.1940347599563198
129 135 14884 0.19581091215282803
130 140 15024 0.19765284776402173
131 116 15140 0.1991790229847251
132 132 15272 0.20091570513242202
133 136 15408 0.20270501401186733
134 125 15533 0.20434959937900457
135 123 15656 0.20596787138026762
136 117 15773 0.20750720328390806
137 130 15903 0.2092175720657308
138 130 16033 0.2109279408475535
139 125 16158 0.21257252621469075
140 135 16293 0.21434867841119898
141 123 16416 0.215966950412462
142 142 16558 0.21783519938952992
143 112 16670 0.21930874787848487
144 118 16788 0.22086123646506242
145 121 16909 0.22245319510045128
146 108 17017 0.22387411685765785
147 117 17134 0.2254134487612983
148 122 17256 0.22701856407962426
149 118 17374 0.22857105266620178
150 109 17483 0.23000513110634546
151 139 17622 0.23183391003460208
152 108 17730 0.23325483179180864
153 118 17848 0.2348073203783862
154 123 17971 0.23642559237964925
155 116 18087 0.2379517676003526
156 129 18216 0.23964897969923823
157 121 18337 0.24124093833462706
158 120 18457 0.2428197402870788
159 118 18575 0.24437222887365637
160 105 18680 0.24575368058205166
161 123 18803 0.2473719525833147
162 114 18917 0.24887181443814385
163 105 19022 0.25025326614653914
164 100 19122 0.2515689344402489
165 129 19251 0.25326614653913454
166 105 19356 0.25464759824752986
167 112 19468 0.2561211467364848
168 123 19591 0.25773941873774786
169 116 19707 0.25926559395845117
170 110 19817 0.260712829081532
171 118 19935 0.2622653176681095
172 117 20052 0.26380464957175
173 102 20154 0.265146631231334
174 117 20271 0.2666859631349744
175 108 20379 0.268106884892181
176 109 20488 0.26954096333232463
177 119 20607 0.2711066086018393
178 110 20717 0.2725538437249201
179 103 20820 0.27390898206744113
180 117 20937 0.2754483139710816
181 115 21052 0.27696133250884786
182 102 21154 0.27830331416843185
183 116 21270 0.2798294893891352
184 108 21378 0.2812504111463418
185 116 21494 0.2827765863670451
186 99 21593 0.28407909797781783
187 108 21701 0.2855000197350244
188 113 21814 0.28698672490691646
189 113 21927 0.28847343007880855
190 100 22027 0.2897890983725183
191 119 22146 0.29135474364203295
192 114 22260 0.29285460549686215
193 91 22351 0.29405186364413805
194 111 22462 0.2955122554501559
195 112 22574 0.2969858039391109
196 99 22673 0.29828831554988355
197 123 22796 0.29990658755114663
198 81 22877 0.30097227886905153
199 87 22964 0.30211691028457904
200 98 23062 0.30340626521241465
201 107 23169 0.30481403028668413
202 92 23261 0.30602444511689714
203 80 23341 0.307076979751865
204 98 23439 0.30836633467970054
205 123 23562 0.3099846066809636
206 127 23689 0.311655505413975
207 109 23798 0.3130895838541187
208 118 23916 0.31464207244069625
209 94 24010 0.3158788006367835
210 105 24115 0.31726025234517874
211 116 24231 0.3187864275658821
212 126 24357 0.3204441696159564
213 89 24446 0.3216151143973581
214 100 24546 0.32293078269106795
215 103 24649 0.324285921033589
216 106 24755 0.3256805294249214
217 97 24852 0.32695672766981987
218 85 24937 0.3280750457194732
219 92 25029 0.3292854605496862
220 100 25129 0.330601128843396
221 94 25223 0.3318378570394832
222 96 25319 0.3331008986014446
223 114 25433 0.33460076045627374
224 100 25533 0.33591642874998356
225 88 25621 0.3370742168484482
226 91 25712 0.3382714749957241
227 119 25831 0.3398371202652387
228 120 25951 0.34141592221769046
229 103 26054 0.34277106056021156
230 80 26134 0.3438235951951794
231 98 26232 0.34511295012301496
232 99 26331 0.3464154617337877
233 100 26431 0.34773113002749745
234 111 26542 0.3491915218335153
235 102 26644 0.3505335034930993
236 108 26752 0.3519544252503059
237 79 26831 0.35299380320233664
238 107 26938 0.3544015682766061
239 96 27034 0.3556646098385675
240 96 27130 0.3569276514005289
241 103 27233 0.35828278974305
242 99 27332 0.35958530135382266
243 95 27427 0.360835186232847
244 85 27512 0.3619535042825003
245 87 27599 0.3630981356980278
246 88 27687 0.3642559237964924
247 110 27797 0.3657031589195732
248 91 27888 0.3669004170668491
249 84 27972 0.36800557843356535
250 97 28069 0.36928177667846385
251 95 28164 0.3705316615574881
252 104 28268 0.37189995658294633
253 94 28362 0.3731366847790335
254 110 28472 0.37458391990211426
255 87 28559 0.3757285513176418
256 82 28641 0.37680739931848384
257 91 28732 0.37800465746575973
258 104 28836 0.37937295249121794
259 90 28926 0.3805570539555567
260 89 29015 0.38172799873695845
261 89 29104 0.3828989435183601
262 73 29177 0.3838593813727683
263 97 29274 0.3851355796176668
264 89 29363 0.3863065243990685
265 79 29442 0.3873459023510992
266 90 29532 0.38853000381543806
267 92 29624 0.38974041864565107
268 97 29721 0.39101661689054956
269 105 29826 0.3923980685989448
270 104 29930 0.39376636362440304
271 105 30035 0.3951478153327983
272 78 30113 0.39617403660189193
273 104 30217 0.3975423316273501
274 105 30322 0.3989237833357454
275 70 30392 0.39984475114134227
276 86 30478 0.40097622587393267
277 96 30574 0.40223926743589405
278 92 30666 0.40344968226610706
279 81 30747 0.404515373584012
280 84 30831 0.4056205349507282
281 77 30908 0.40663359953688477
282 80 30988 0.40768613417185257
283 97 31085 0.40896233241675106
284 98 31183 0.41025168734458667
285 76 31259 0.41125159524780613
286 93 31352 0.41247516676095625
287 93 31445 0.41369873827410636
288 84 31529 0.41480389964082254
289 72 31601 0.4157511808122936
290 75 31676 0.4167379320325759
291 100 31776 0.41805360032628575
292 77 31853 0.41906666491244227
293 79 31932 0.420106042864473
294 62 31994 0.4209217572065731
295 91 32085 0.422119015353849
296 86 32171 0.4232504900864394
297 69 32240 0.42415830120909914
298 86 32326 0.4252897759416896
299 79 32405 0.42632915389372034
300 78 32483 0.42735537516281397
301 80 32563 0.42840790979778176
302 93 32656 0.4296314813109319
303 97 32753 0.43090767955583037
304 77 32830 0.43192074414198695
305 81 32911 0.43298643545989185
306 78 32989 0.4340126567289855
307 110 33099 0.43545989185206624
308 78 33177 0.43648611312115987
309 84 33261 0.4375912744878761
310 85 33346 0.43870959253752945
311 78 33424 0.4397358138066231
312 72 33496 0.4406830949780941
313 74 33570 0.44165668951543935
314 90 33660 0.4428407909797782
315 77 33737 0.4438538555659347
316 80 33817 0.44490639020090256
317 87 33904 0.44605102161643007
318 78 33982 0.4470772428855237
319 70 34052 0.44799821069112056
320 85 34137 0.4491165287407739
321 86 34223 0.4502480034733643
322 87 34310 0.4513926348888918
323 72 34382 0.45233991606036283
324 95 34477 0.45358980093938717
325 74 34551 0.4545633954767324
326 86 34637 0.4556948702093228
327 79 34716 0.45673424816135355
328 67 34783 0.45761574591813914
329 83 34866 0.45870775060191826
330 82 34948 0.4597865986027603
331 83 35031 0.4608786032865394
332 80 35111 0.46193113792150725
333 65 35176 0.4627863223124186
334 79 35255 0.4638257002644493
335 92 35347 0.46503611509466236
336 87 35434 0.46618074651018987
337 78 35512 0.4672069677792835
338 93 35605 0.4684305392924336
339 89 35694 0.4696014840738353
340 73 35767 0.4705619219282435
341 75 35842 0.4715486731485258
342 70 35912 0.47246964095412264
343 69 35981 0.4733774520767824
344 61 36042 0.4741800097359454
345 67 36109 0.4750615074927309
346 64 36173 0.4759035352007052
347 85 36258 0.4770218532503585
348 78 36336 0.47804807451945214
349 84 36420 0.47915323588616837
350 80 36500 0.4802057705211362
351 71 36571 0.48113989500967014
352 82 36653 0.4822187430105122
353 79 36732 0.48325812096254295
354 67 36799 0.4841396187193285
355 72 36871 0.4850868998907995
356 86 36957 0.48621837462338996
357 89 37046 0.4873893194047917
358 77 37123 0.4884023839909482
359 65 37188 0.4892575683818596
360 81 37269 0.4903232596997645
361 77 37346 0.49133632428592106
362 86 37432 0.49246779901851145
363 74 37506 0.4934413935558567
364 66 37572 0.4943097346297052
365 78 37650 0.4953359558987988
366 61 37711 0.4961385135579618
367 64 37775 0.49698054126593605
368 67 37842 0.4978620390227216
369 72 37914 0.49880932019419266
370 79 37993 0.49984869814622335
371 67 38060 0.5007301959030089
372 69 38129 0.5016380070256687
373 77 38206 0.5026510716118252
374 65 38271 0.5035062560027366
375 68 38339 0.5044009104424593
376 70 38409 0.5053218782480561
377 80 38489 0.506374412883024
378 72 38561 0.507321694054495
379 57 38618 0.5080716249819096
380 69 38687 0.5089794361045693
381 63 38750 0.5098083071296065
382 64 38814 0.5106503348375807
383 70 38884 0.5115713026431776
384 85 38969 0.512689620692831
385 61 39030 0.5134921783519939
386 46 39076 0.5140973857671004
387 66 39142 0.5149657268409489
388 70 39212 0.5158866946465457
389 64 39276 0.5167287223545199
390 73 39349 0.5176891602089281
391 72 39421 0.5186364413803992
392 55 39476 0.5193600589419396
393 75 39551 0.520346810162222
394 63 39614 0.5211756811872591
395 51 39665 0.521846672017051
396 52 39717 0.5225308195297802
397 58 39775 0.5232939071401318
398 77 39852 0.5243069717262884
399 68 39920 0.5252016261660111
400 69 39989 0.5261094372886708
401 77 40066 0.5271225018748273
402 80 40146 0.5281750365097951
403 67 40213 0.5290565342665807
404 64 40277 0.529898561974555
405 79 40356 0.5309379399265857
406 58 40414 0.5317010275369374
407 67 40481 0.532582525293723
408 63 40544 0.5334113963187601
409 54 40598 0.5341218571973634
410 66 40664 0.5349901982712119
411 80 40744 0.5360427329061797
412 54 40798 0.536753193784783
413 80 40878 0.5378057284197508
414 67 40945 0.5386872261765364
415 52 40997 0.5393713736892655
416 62 41059 0.5401870880313655
417 57 41116 0.5409370189587801
418 76 41192 0.5419369268619996
419 79 41271 0.5429763048140303
420 66 41337 0.5438446458878787
421 60 41397 0.5446340468641047
422 70 41467 0.5455550146697015
423 46 41513 0.546160222084808
424 57 41570 0.5469101530122226
425 52 41622 0.5475943005249516
426 51 41673 0.5482652913547437
427 52 41725 0.5489494388674727
428 62 41787 0.5497651532095728
429 48 41835 0.5503966739905535
430 53 41888 0.5510939781862196
431 40 41928 0.5516202455037036
432 69 41997 0.5525280566263634
433 64 42061 0.5533700843343377
434 79 42140 0.5544094622863683
435 51 42191 0.5550804531161604
436 62 42253 0.5558961674582604
437 71 42324 0.5568302919467943
438 53 42377 0.5575275961424606
439 59 42436 0.5583038404357493
440 56 42492 0.5590406146802268
441 44 42536 0.5596195087294591
442 66 42602 0.5604878498033076
443 64 42666 0.5613298775112818
444 55 42721 0.5620534950728222
445 58 42779 0.5628165826831739
446 60 42839 0.5636059836593998
447 54 42893 0.5643164445380031
448 54 42947 0.5650269054166064
449 56 43003 0.5657636796610839
450 61 43064 0.5665662373202468
451 72 43136 0.5675135184917178
452 57 43193 0.5682634494191324
453 61 43254 0.5690660070782955
454 55 43309 0.5697896246398358
455 59 43368 0.5705658689331246
456 61 43429 0.5713684265922876
457 58 43487 0.5721315142026392
458 57 43544 0.5728814451300538
459 60 43604 0.5736708461062797
460 63 43667 0.5744997171313169
461 74 43741 0.5754733116686621
462 49 43790 0.5761179891325799
463 61 43851 0.5769205467917429
464 52 43903 0.5776046943044719
465 66 43969 0.5784730353783204
466 58 44027 0.5792361229886721
467 46 44073 0.5798413304037786
468 37 44110 0.5803281276724512
469 56 44166 0.5810649019169287
470 74 44240 0.582038496454274
471 46 44286 0.5826437038693805
472 53 44339 0.5833410080650466
473 38 44377 0.5838409620166564
474 60 44437 0.5846303629928822
475 79 44516 0.585669740944913
476 56 44572 0.5864065151893905
477 57 44629 0.5871564461168051
478 48 44677 0.5877879668977858
479 63 44740 0.5886168379228229
480 54 44794 0.5893272988014262
481 56 44850 0.5900640730459037
482 48 44898 0.5906955938268844
483 53 44951 0.5913928980225506
484 54 45005 0.5921033589011538
485 52 45057 0.5927875064138829
486 54 45111 0.5934979672924863
487 48 45159 0.5941294880734669
488 61 45220 0.5949320457326299
489 64 45284 0.5957740734406042
490 55 45339 0.5964976910021446
491 53 45392 0.5971949951978107
492 64 45456 0.598037022905785
493 53 45509 0.5987343271014511
494 48 45557 0.5993658478824319
495 70 45627 0.6002868156880288
496 46 45673 0.6008920231031353
497 61 45734 0.6016945807622982
498 58 45792 0.6024576683726499
499 40 45832 0.6029839356901338
500 43 45875 0.603549673056429
501 55 45930 0.6042732906179694
502 56 45986 0.6050100648624469
503 63 46049 0.605838935887484
504 59 46108 0.6066151801807729
505 56 46164 0.6073519544252503
506 43 46207 0.6079176917915455
507 58 46265 0.6086807794018972
508 56 46321 0.6094175536463746
509 57 46378 0.6101674845737892
510 51 46429 0.6108384754035813
511 49 46478 0.611483152867499
512 46 46524 0.6120883602826056
513 57 46581 0.6128382912100201
514 38 46619 0.6133382451616298
515 48 46667 0.6139697659426105
516 49 46716 0.6146144434065284
517 54 46770 0.6153249042851316
518 60 46830 0.6161143052613575
519 51 46881 0.6167852960911495
520 64 46945 0.6176273237991238
521 46 46991 0.6182325312142303
522 40 47031 0.6187587985317142
523 53 47084 0.6194561027273804
524 51 47135 0.6201270935571723
525 43 47178 0.6206928309234676
526 41 47219 0.6212322549238886
527 51 47270 0.6219032457536806
528 56 47326 0.6226400199981581
529 48 47374 0.6232715407791387
530 50 47424 0.6239293749259937
531 41 47465 0.6244687989264147
532 43 47508 0.6250345362927099
533 38 47546 0.6255344902443196
534 53 47599 0.6262317944399858
535 44 47643 0.6268106884892181
536 47 47690 0.6274290525872617
537 58 47748 0.6281921401976134
538 58 47806 0.6289552278079651
539 53 47859 0.6296525320036312
540 53 47912 0.6303498361992974
541 48 47960 0.6309813569802781
542 41 48001 0.6315207809806992
543 46 48047 0.6321259883958057
544 53 48100 0.6328232925914719
545 45 48145 0.6334153433236412
546 49 48194 0.6340600207875591
547 49 48243 0.6347046982514768
548 48 48291 0.6353362190324575
549 48 48339 0.6359677398134382
550 59 48398 0.6367439841067271
551 47 48445 0.6373623482047707
552 50 48495 0.6380201823516255
553 52 48547 0.6387043298643545
554 40 48587 0.6392305971818385
555 48 48635 0.6398621179628192
556 55 48690 0.6405857355243596
557 40 48730 0.6411120028418436
558 47 48777 0.6417303669398872
559 41 48818 0.6422697909403081
560 46 48864 0.6428749983554146
561 55 48919 0.643598615916955
562 51 48970 0.644269606746747
563 48 49018 0.6449011275277277
564 47 49065 0.6455194916257713
565 53 49118 0.6462167958214375
566 54 49172 0.6469272567000408
567 48 49220 0.6475587774810215
568 40 49260 0.6480850447985054
569 39 49299 0.6485981554330522
570 39 49338 0.6491112660675991
571 51 49389 0.649782256897391
572 60 49449 0.6505716578736169
573 56 49505 0.6513084321180944
574 53 49558 0.6520057363137606
575 45 49603 0.65259778704593
576 42 49645 0.6531503677292881
577 51 49696 0.6538213585590801
578 44 49740 0.6544002526083124
579 50 49790 0.6550580867551673
580 42 49832 0.6556106674385254
581 49 49881 0.6562553449024432
582 49 49930 0.656900022366361
583 46 49976 0.6575052297814675
584 51 50027 0.6581762206112595
585 58 50085 0.6589393082216112
586 56 50141 0.6596760824660887
587 56 50197 0.6604128567105662
588 42 50239 0.6609654373939242
589 48 50287 0.6615969581749049
590 60 50347 0.6623863591511309
591 47 50394 0.6630047232491744
592 39 50433 0.6635178338837212
593 58 50491 0.6642809214940729
594 45 50536 0.6648729722262423
595 49 50585 0.6655176496901601
596 36 50621 0.6659912902758957
597 51 50672 0.6666622811056876
598 43 50715 0.6672280184719829
599 43 50758 0.667793755838278
600 56 50814 0.6685305300827555
601 42 50856 0.6690831107661136
602 43 50899 0.6696488481324089
603 37 50936 0.6701356454010815
604 51 50987 0.6708066362308734
605 45 51032 0.6713986869630428
606 51 51083 0.6720696777928349
607 49 51132 0.6727143552567527
608 37 51169 0.6732011525254253
609 58 51227 0.6739642401357769
610 42 51269 0.6745168208191351
611 50 51319 0.6751746549659899
612 53 51372 0.6758719591616562
613 38 51410 0.6763719131132658
614 43 51453 0.6769376504795611
615 49 51502 0.6775823279434788
616 35 51537 0.6780428118462773
617 35 51572 0.6785032957490758
618 47 51619 0.6791216598471194
619 32 51651 0.6795426737011064
620 44 51695 0.6801215677503388
621 47 51742 0.6807399318483824
622 41 51783 0.6812793558488034
623 48 51831 0.6819108766297841
624 42 51873 0.6824634573131422
625 50 51923 0.6831212914599971
626 41 51964 0.6836607154604181
627 54 52018 0.6843711763390214
628 45 52063 0.6849632270711908
629 43 52106 0.685528964437486
630 40 52146 0.68605523175497
631 42 52188 0.686607812438328
632 32 52220 0.6870288262923152
633 48 52268 0.6876603470732959
634 46 52314 0.6882655544884024
635 33 52347 0.6886997250253266
636 41 52388 0.6892391490257477
637 45 52433 0.6898311997579171
638 48 52481 0.6904627205388977
639 40 52521 0.6909889878563816
640 44 52565 0.6915678819056139
641 55 52620 0.6922914994671543
642 39 52659 0.6928046101017011
643 44 52703 0.6933835041509334
644 47 52750 0.694001868248977
645 35 52785 0.6944623521517755
646 37 52822 0.6949491494204482
647 47 52869 0.6955675135184917
648 35 52904 0.6960279974212902
649 31 52935 0.6964358545923401
650 40 52975 0.6969621219098241
651 45 53020 0.6975541726419935
652 31 53051 0.6979620298130436
653 50 53101 0.6986198639598984
654 44 53145 0.6991987580091308
655 30 53175 0.6995934584972436
656 37 53212 0.7000802557659163
657 43 53255 0.7006459931322115
658 41 53296 0.7011854171326325
659 45 53341 0.7017774678648019
660 37 53378 0.7022642651334745
661 43 53421 0.7028300024997698
662 46 53467 0.7034352099148763
663 47 53514 0.7040535740129199
664 37 53551 0.7045403712815925
665 32 53583 0.7049613851355796
666 44 53627 0.7055402791848119
667 38 53665 0.7060402331364216
668 44 53709 0.706619127185654
669 34 53743 0.7070664544055153
670 46 53789 0.7076716618206218
671 36 53825 0.7081453024063573
672 44 53869 0.7087241964555896
673 46 53915 0.7093294038706961
674 41 53956 0.7098688278711172
675 49 54005 0.7105135053350349
676 48 54053 0.7111450261160156
677 44 54097 0.711723920165248
678 35 54132 0.7121844040680464
679 42 54174 0.7127369847514045
680 40 54214 0.7132632520688884
681 37 54251 0.713750049337561
682 46 54297 0.7143552567526675
683 41 54338 0.7148946807530885
684 53 54391 0.7155919849487548
685 39 54430 0.7161050955833015
686 47 54477 0.7167234596813451
687 43 54520 0.7172891970476404
688 39 54559 0.7178023076821871
689 34 54593 0.7182496349020485
690 39 54632 0.7187627455365954
691 44 54676 0.7193416395858276
692 38 54714 0.7198415935374374
693 32 54746 0.7202626073914244
694 45 54791 0.7208546581235938
695 41 54832 0.7213940821240149
696 41 54873 0.7219335061244359
697 41 54914 0.7224729301248569
698 41 54955 0.723012354125278
699 35 54990 0.7234728380280764
700 33 55023 0.7239070085650006
701 41 55064 0.7244464325654216
702 43 55107 0.7250121699317168
703 32 55139 0.725433183785704
704 33 55172 0.7258673543226282
705 38 55210 0.7263673082742379
706 37 55247 0.7268541055429105
707 44 55291 0.7274329995921428
708 41 55332 0.7279724235925639
709 54 55386 0.7286828844711671
710 35 55421 0.7291433683739655
711 45 55466 0.7297354191061349
712 32 55498 0.7301564329601221
713 36 55534 0.7306300735458576
714 27 55561 0.7309853039851593
715 31 55592 0.7313931611562093
716 33 55625 0.7318273316931335
717 39 55664 0.7323404423276804
718 29 55693 0.7327219861328562
719 49 55742 0.7333666635967739
720 38 55780 0.7338666175483837
721 35 55815 0.7343271014511821
722 45 55860 0.7349191521833516
723 44 55904 0.7354980462325839
724 40 55944 0.7360243135500678
725 35 55979 0.7364847974528662
726 45 56024 0.7370768481850356
727 49 56073 0.7377215256489534
728 39 56112 0.7382346362835002
729 25 56137 0.7385635533569277
730 47 56184 0.7391819174549713
731 34 56218 0.7396292446748326
732 45 56263 0.740221295407002
733 28 56291 0.7405896825292407
734 44 56335 0.741168576578473
735 38 56373 0.7416685305300827
736 38 56411 0.7421684844816925
737 38 56449 0.7426684384333022
738 33 56482 0.7431026089702264
739 40 56522 0.7436288762877103
740 40 56562 0.7441551436051943
741 44 56606 0.7447340376544266
742 41 56647 0.7452734616548475
743 37 56684 0.7457602589235202
744 43 56727 0.7463259962898154
745 35 56762 0.7467864801926138
746 38 56800 0.7472864341442236
747 27 56827 0.7476416645835252
748 29 56856 0.7480232083887011
749 39 56895 0.7485363190232479
750 27 56922 0.7488915494625495
751 43 56965 0.7494572868288447
752 32 56997 0.7498783006828319
753 31 57028 0.7502861578538819
754 25 57053 0.7506150749273093
755 38 57091 0.751115028878919
756 33 57124 0.7515491994158433
757 34 57158 0.7519965266357046
758 37 57195 0.7524833239043772
759 32 57227 0.7529043377583644
760 37 57264 0.753391135027037
761 31 57295 0.753798992198087
762 29 57324 0.7541805360032628
763 36 57360 0.7546541765889984
764 35 57395 0.7551146604917968
765 38 57433 0.7556146144434065
766 29 57462 0.7559961582485824
767 35 57497 0.7564566421513808
768 36 57533 0.7569302827371163
769 29 57562 0.7573118265422921
770 31 57593 0.7577196837133422
771 34 57627 0.7581670109332035
772 32 57659 0.7585880247871907
773 40 57699 0.7591142921046745
774 39 57738 0.7596274027392214
775 30 57768 0.7600221032273343
776 44 57812 0.7606009972765666
777 46 57858 0.7612062046916731
778 45 57903 0.7617982554238425
779 31 57934 0.7622061125948926
780 37 57971 0.7626929098635652
781 34 58005 0.7631402370834265
782 24 58029 0.7634559974739169
783 32 58061 0.763877011327904
784 35 58096 0.7643374952307025
785 38 58134 0.7648374491823121
786 43 58177 0.7654031865486074
787 32 58209 0.7658242004025945
788 40 58249 0.7663504677200784
789 27 58276 0.7667056981593801
790 43 58319 0.7672714355256752
791 33 58352 0.7677056060625995
792 38 58390 0.7682055600142093
793 20 58410 0.7684686936729512
794 29 58439 0.768850237478127
795 30 58469 0.7692449379662399
796 23 58492 0.7695475416737932
797 23 58515 0.7698501453813464
798 30 58545 0.7702448458694594
799 29 58574 0.7706263896746353
800 35 58609 0.7710868735774337
801 44 58653 0.7716657676266659
802 35 58688 0.7721262515294643
803 22 58710 0.7724156985540805
804 28 58738 0.7727840856763193
805 33 58771 0.7732182562132435
806 35 58806 0.773678740116042
807 26 58832 0.7740208138724065
808 19 58851 0.7742707908482114
809 34 58885 0.7747181180680727
810 31 58916 0.7751259752391227
811 30 58946 0.7755206757272356
812 28 58974 0.7758890628494743
813 33 59007 0.7763232333863986
814 35 59042 0.776783717289197
815 29 59071 0.7771652610943729
816 34 59105 0.7776125883142342
817 34 59139 0.7780599155340956
818 33 59172 0.7784940860710198
819 44 59216 0.7790729801202521
820 37 59253 0.7795597773889247
821 29 59282 0.7799413211941005
822 37 59319 0.7804281184627732
823 36 59355 0.7809017590485087
824 31 59386 0.7813096162195587
825 34 59420 0.78175694343942
826 27 59447 0.7821121738787217
827 28 59475 0.7824805610009604
828 39 59514 0.7829936716355073
829 17 59531 0.7832173352454379
830 36 59567 0.7836909758311734
831 31 59598 0.7840988330022235
832 43 59641 0.7846645703685187
833 33 59674 0.785098740905443
834 24 59698 0.7854145012959333
835 25 59723 0.7857434183693607
836 32 59755 0.7861644322233479
837 37 59792 0.7866512294920205
838 30 59822 0.7870459299801335
839 30 59852 0.7874406304682463
840 27 59879 0.7877958609075479
841 24 59903 0.7881116212980384
842 30 59933 0.7885063217861513
843 34 59967 0.7889536490060126
844 32 59999 0.7893746628599997
845 34 60033 0.7898219900798611
846 31 60064 0.790229847250911
847 28 60092 0.7905982343731498
848 29 60121 0.7909797781783257
849 32 60153 0.7914007920323128
850 41 60194 0.7919402160327338
851 30 60224 0.7923349165208468
852 40 60264 0.7928611838383307
853 28 60292 0.7932295709605695
854 30 60322 0.7936242714486823
855 29 60351 0.7940058152538582
856 31 60382 0.7944136724249082
857 40 60422 0.7949399397423922
858 41 60463 0.7954793637428131
859 27 60490 0.7958345941821148
860 33 60523 0.7962687647190391
861 31 60554 0.796676621890089
862 33 60587 0.7971107924270133
863 34 60621 0.7975581196468746
864 18 60639 0.7977949399397424
865 26 60665 0.7981370136961069
866 28 60693 0.7985054008183456
867 27 60720 0.7988606312576473
868 22 60742 0.7991500782822635
869 34 60776 0.7995974055021248
870 36 60812 0.8000710460878603
871 18 60830 0.800307866380728
872 39 60869 0.8008209770152749
873 30 60899 0.8012156775033878
874 22 60921 0.801505124528004
875 25 60946 0.8018340416014315
876 25 60971 0.8021629586748589
877 24 60995 0.8024787190653493
878 27 61022 0.8028339495046509
879 24 61046 0.8031497098951412
880 25 61071 0.8034786269685686
881 28 61099 0.8038470140908074
882 36 61135 0.8043206546765429
883 27 61162 0.8046758851158446
884 25 61187 0.8050048021892721
885 31 61218 0.805412659360322
886 26 61244 0.8057547331166867
887 29 61273 0.8061362769218624
888 29 61302 0.8065178207270383
889 22 61324 0.8068072677516545
890 35 61359 0.8072677516544529
891 24 61383 0.8075835120449433
892 32 61415 0.8080045258989303
893 28 61443 0.8083729130211691
894 31 61474 0.8087807701922192
895 31 61505 0.8091886273632691
896 26 61531 0.8095307011196338
897 34 61565 0.8099780283394951
898 28 61593 0.8103464154617338
899 24 61617 0.8106621758522241
900 38 61655 0.8111621298038338
901 24 61679 0.8114778901943243
902 27 61706 0.8118331206336259
903 30 61736 0.8122278211217387
904 39 61775 0.8127409317562856
905 27 61802 0.8130961621955872
906 31 61833 0.8135040193666373
907 34 61867 0.8139513465864986
908 29 61896 0.8143328903916744
909 20 61916 0.8145960240504164
910 39 61955 0.8151091346849633
911 30 61985 0.8155038351730761
912 21 62006 0.8157801255147552
913 26 62032 0.8161221992711197
914 34 62066 0.8165695264909811
915 17 62083 0.8167931901009118
916 20 62103 0.8170563237596538
917 24 62127 0.8173720841501441
918 26 62153 0.8177141579065086
919 32 62185 0.8181351717604958
920 32 62217 0.8185561856144828
921 37 62254 0.8190429828831555
922 36 62290 0.819516623468891
923 29 62319 0.8198981672740668
924 26 62345 0.8202402410304314
925 38 62383 0.8207401949820411
926 30 62413 0.8211348954701541
927 22 62435 0.8214243424947703
928 17 62452 0.8216480061047009
929 28 62480 0.8220163932269396
930 25 62505 0.8223453103003671
931 21 62526 0.8226216006420461
932 29 62555 0.823003144447222
933 17 62572 0.8232268080571526
934 23 62595 0.8235294117647058
935 26 62621 0.8238714855210705
936 25 62646 0.8242004025944979
937 27 62673 0.8245556330337995
938 32 62705 0.8249766468877866
939 22 62727 0.8252660939124028
940 23 62750 0.8255686976199561
941 30 62780 0.825963398108069
942 26 62806 0.8263054718644336
943 27 62833 0.8266607023037352
944 29 62862 0.827042246108911
945 17 62879 0.8272659097188417
946 27 62906 0.8276211401581434
947 21 62927 0.8278974304998223
948 36 62963 0.828371071085558
949 25 62988 0.8286999881589854
950 23 63011 0.8290025918665386
951 32 63043 0.8294236057205258
952 31 63074 0.8298314628915757
953 27 63101 0.8301866933308775
954 24 63125 0.8305024537213678
955 28 63153 0.8308708408436065
956 19 63172 0.8311208178194114
957 23 63195 0.8314234215269646
958 38 63233 0.8319233754785743
959 23 63256 0.8322259791861276
960 27 63283 0.8325812096254293
961 21 63304 0.8328574999671083
962 25 63329 0.8331864170405358
963 41 63370 0.8337258410409567
964 25 63395 0.8340547581143842
965 33 63428 0.8344889286513084
966 21 63449 0.8347652189929875
967 29 63478 0.8351467627981634
968 29 63507 0.8355283066033392
969 24 63531 0.8358440669938295
970 27 63558 0.8361992974331312
971 24 63582 0.8365150578236215
972 21 63603 0.8367913481653005
973 21 63624 0.8370676385069796
974 18 63642 0.8373044587998474
975 32 63674 0.8377254726538346
976 23 63697 0.8380280763613878
977 25 63722 0.8383569934348152
978 24 63746 0.8386727538253056
979 24 63770 0.8389885142157959
980 17 63787 0.8392121778257265
981 20 63807 0.8394753114844685
982 25 63832 0.8398042285578959
983 19 63851 0.8400542055337008
984 31 63882 0.8404620627047509
985 22 63904 0.8407515097293671
986 29 63933 0.8411330535345428
987 16 63949 0.8413435604615365
988 20 63969 0.8416066941202784
989 32 64001 0.8420277079742655
990 19 64020 0.8422776849500704
991 21 64041 0.8425539752917495
992 23 64064 0.8428565789993027
993 24 64088 0.8431723393897931
994 17 64105 0.8433960029997237
995 14 64119 0.843580196560843
996 25 64144 0.8439091136342706
997 26 64170 0.8442511873906351
998 23 64193 0.8445537910981883
999 29 64222 0.8449353349033641
1000 34 64256 0.8453826621232255
1001 20 64276 0.8456457957819674
1002 20 64296 0.8459089294407094
1003 19 64315 0.8461589064165143
1004 28 64343 0.846527293538753
1005 17 64360 0.8467509571486836
1006 22 64382 0.8470404041732998
1007 22 64404 0.8473298511979159
1008 27 64431 0.8476850816372177
1009 28 64459 0.8480534687594564
1010 28 64487 0.848421855881695
1011 21 64508 0.8486981462233741
1012 32 64540 0.8491191600773613
1013 31 64571 0.8495270172484113
1014 17 64588 0.849750680858342
1015 26 64614 0.8500927546147066
1016 33 64647 0.8505269251516308
1017 18 64665 0.8507637454444985
1018 26 64691 0.851105819200863
1019 27 64718 0.8514610496401647
1020 22 64740 0.8517504966647809
1021 14 64754 0.8519346902259003
1022 21 64775 0.8522109805675793
1023 19 64794 0.8524609575433841
1024 30 64824 0.8528556580314971
1025 31 64855 0.8532635152025472
1026 29 64884 0.853645059007723
1027 21 64905 0.853921349349402
1028 18 64923 0.8541581696422698
1029 20 64943 0.8544213033010117
1030 33 64976 0.854855473837936
1031 32 65008 0.8552764876919231
1032 25 65033 0.8556054047653505
1033 16 65049 0.8558159116923442
1034 24 65073 0.8561316720828345
1035 19 65092 0.8563816490586393
1036 23 65115 0.8566842527661925
1037 11 65126 0.8568289762785006
1038 18 65144 0.8570657965713684
1039 26 65170 0.857407870327733
1040 25 65195 0.8577367874011604
1041 29 65224 0.8581183312063363
1042 22 65246 0.8584077782309524
1043 25 65271 0.8587366953043799
1044 15 65286 0.8589340455484363
1045 17 65303 0.859157709158367
1046 23 65326 0.8594603128659203
1047 22 65348 0.8597497598905364
1048 27 65375 0.860104990329838
1049 22 65397 0.8603944373544542
1050 20 65417 0.8606575710131962
1051 22 65439 0.8609470180378123
1052 19 65458 0.8611969950136171
1053 19 65477 0.861446971989422
1054 20 65497 0.861710105648164
1055 21 65518 0.8619863959898431
1056 22 65540 0.8622758430144591
1057 22 65562 0.8625652900390753
1058 15 65577 0.8627626402831318
1059 21 65598 0.8630389306248109
1060 22 65620 0.863328377649427
1061 23 65643 0.8636309813569802
1062 16 65659 0.8638414882839739
1063 17 65676 0.8640651518939045
1064 21 65697 0.8643414422355835
1065 26 65723 0.8646835159919481
1066 11 65734 0.8648282395042561
1067 19 65753 0.865078216480061
1068 19 65772 0.8653281934558659
1069 21 65793 0.865604483797545
1070 25 65818 0.8659334008709724
1071 19 65837 0.8661833778467772
1072 32 65869 0.8666043917007644
1073 26 65895 0.866946465457129
1074 24 65919 0.8672622258476193
1075 25 65944 0.8675911429210468
1076 27 65971 0.8679463733603484
1077 28 65999 0.8683147604825872
1078 22 66021 0.8686042075072032
1079 13 66034 0.8687752443853856
1080 17 66051 0.8689989079953162
1081 18 66069 0.869235728288184
1082 22 66091 0.8695251753128002
1083 14 66105 0.8697093688739195
1084 18 66123 0.8699461891667872
1085 23 66146 0.8702487928743405
1086 20 66166 0.8705119265330825
1087 22 66188 0.8708013735576986
1088 21 66209 0.8710776638993777
1089 20 66229 0.8713407975581197
1090 30 66259 0.8717354980462326
1091 21 66280 0.8720117883879116
1092 16 66296 0.8722222953149052
1093 23 66319 0.8725248990224584
1094 12 66331 0.8726827792177037
1095 15 66346 0.8728801294617601
1096 21 66367 0.8731564198034392
1097 23 66390 0.8734590235109924
1098 21 66411 0.8737353138526714
1099 15 66426 0.873932664096728
1100 17 66443 0.8741563277066586
1101 15 66458 0.8743536779507151
1102 15 66473 0.8745510281947715
1103 14 66487 0.8747352217558909
1104 21 66508 0.87501151209757
1105 24 66532 0.8753272724880603
1106 17 66549 0.875550936097991
1107 18 66567 0.8757877563908587
1108 16 66583 0.8759982633178524
1109 26 66609 0.8763403370742169
1110 16 66625 0.8765508440012104
1111 14 66639 0.8767350375623297
1112 13 66652 0.876906074440512
1113 22 66674 0.8771955214651282
1114 14 66688 0.8773797150262476
1115 23 66711 0.8776823187338009
1116 28 66739 0.8780507058560396
1117 17 66756 0.8782743694659703
1118 21 66777 0.8785506598076493
1119 28 66805 0.878919046929888
1120 18 66823 0.8791558672227558
1121 18 66841 0.8793926875156236
1122 16 66857 0.8796031944426171
1123 18 66875 0.8798400147354849
1124 22 66897 0.8801294617601011
1125 19 66916 0.8803794387359059
1126 24 66940 0.8806951991263963
1127 17 66957 0.8809188627363269
1128 12 66969 0.8810767429315721
1129 23 66992 0.8813793466391253
1130 22 67014 0.8816687936637415
1131 26 67040 0.882010867420106
1132 20 67060 0.882274001078848
1133 19 67079 0.8825239780546529
1134 19 67098 0.8827739550304577
1135 17 67115 0.8829976186403884
1136 17 67132 0.883221282250319
1137 16 67148 0.8834317891773126
1138 18 67166 0.8836686094701803
1139 20 67186 0.8839317431289223
1140 18 67204 0.8841685634217901
1141 22 67226 0.8844580104464063
1142 15 67241 0.8846553606904627
1143 16 67257 0.8848658676174563
1144 19 67276 0.8851158445932611
1145 17 67293 0.8853395082031918
1146 17 67310 0.8855631718131225
1147 21 67331 0.8858394621548016
1148 16 67347 0.8860499690817951
1149 11 67358 0.8861946925941032
1150 19 67377 0.8864446695699081
1151 18 67395 0.8866814898627758
1152 19 67414 0.8869314668385807
1153 18 67432 0.8871682871314485
1154 17 67449 0.8873919507413791
1155 24 67473 0.8877077111318694
1156 26 67499 0.8880497848882339
1157 20 67519 0.8883129185469759
1158 15 67534 0.8885102687910325
1159 14 67548 0.8886944623521518
1160 22 67570 0.888983909376768
1161 25 67595 0.8893128264501954
1162 15 67610 0.8895101766942518
1163 30 67640 0.8899048771823648
1164 16 67656 0.8901153841093583
1165 24 67680 0.8904311444998487
1166 20 67700 0.8906942781585907
1167 11 67711 0.8908390016708987
1168 13 67724 0.891010038549081
1169 16 67740 0.8912205454760745
1170 16 67756 0.8914310524030682
1171 19 67775 0.891681029378873
1172 17 67792 0.8919046929888037
1173 19 67811 0.8921546699646086
1174 14 67825 0.8923388635257279
1175 16 67841 0.8925493704527214
1176 22 67863 0.8928388174773376
1177 14 67877 0.8930230110384569
1178 22 67899 0.8933124580630731
1179 22 67921 0.8936019050876893
1180 17 67938 0.89382556869762
1181 24 67962 0.8941413290881103
1182 16 67978 0.8943518360151038
1183 19 67997 0.8946018129909087
1184 20 68017 0.8948649466496507
1185 19 68036 0.8951149236254555
1186 18 68054 0.8953517439183233
1187 13 68067 0.8955227807965056
1188 16 68083 0.8957332877234991
1189 13 68096 0.8959043246016815
1190 18 68114 0.8961411448945492
1191 13 68127 0.8963121817727314
1192 14 68141 0.8964963753338508
1193 24 68165 0.8968121357243412
1194 12 68177 0.8969700159195864
1195 13 68190 0.8971410527977687
1196 16 68206 0.8973515597247622
1197 13 68219 0.8975225966029444
1198 24 68243 0.8978383569934348
1199 18 68261 0.8980751772863026
1200 17 68278 0.8982988408962332
1201 21 68299 0.8985751312379123
1202 15 68314 0.8987724814819688
1203 16 68330 0.8989829884089623
1204 24 68354 0.8992987487994527
1205 16 68370 0.8995092557264462
1206 15 68385 0.8997066059705027
1207 15 68400 0.8999039562145592
1208 23 68423 0.9002065599221124
1209 11 68434 0.9003512834344205
1210 17 68451 0.9005749470443511
1211 9 68460 0.900693357190785
1212 22 68482 0.9009828042154012
1213 15 68497 0.9011801544594576
1214 24 68521 0.9014959148499481
1215 16 68537 0.9017064217769416
1216 12 68549 0.9018643019721868
1217 22 68571 0.9021537489968029
1218 14 68585 0.9023379425579223
1219 14 68599 0.9025221361190416
1220 11 68610 0.9026668596313497
1221 18 68628 0.9029036799242175
1222 16 68644 0.903114186851211
1223 9 68653 0.9032325969976449
1224 18 68671 0.9034694172905127
1225 12 68683 0.9036272974857579
1226 16 68699 0.9038378044127514
1227 16 68715 0.9040483113397451
1228 16 68731 0.9042588182667386
1229 14 68745 0.9044430118278579
1230 25 68770 0.9047719289012854
1231 13 68783 0.9049429657794676
1232 12 68795 0.9051008459747129
1233 12 68807 0.9052587261699581
1234 11 68818 0.9054034496822662
1235 10 68828 0.905535016511637
1236 15 68843 0.9057323667556936
1237 18 68861 0.9059691870485613
1238 12 68873 0.9061270672438065
1239 10 68883 0.9062586340731774
1240 23 68906 0.9065612377807307
1241 17 68923 0.9067849013906614
1242 16 68939 0.9069954083176549
1243 16 68955 0.9072059152446486
1244 18 68973 0.9074427355375163
1245 8 68981 0.9075479890010131
1246 10 68991 0.9076795558303841
1247 10 69001 0.907811122659755
1248 21 69022 0.908087413001434
1249 16 69038 0.9082979199284277
1250 22 69060 0.9085873669530438
1251 25 69085 0.9089162840264713
1252 14 69099 0.9091004775875906
1253 11 69110 0.9092452010998987
1254 11 69121 0.9093899246122068
1255 12 69133 0.9095478048074519
1256 17 69150 0.9097714684173827
1257 15 69165 0.9099688186614391
1258 17 69182 0.9101924822713697
1259 16 69198 0.9104029891983633
1260 13 69211 0.9105740260765456
1261 13 69224 0.9107450629547279
1262 20 69244 0.9110081966134698
1263 18 69262 0.9112450169063375
1264 22 69284 0.9115344639309537
1265 13 69297 0.911705500809136
1266 13 69310 0.9118765376873182
1267 15 69325 0.9120738879313748
1268 10 69335 0.9122054547607458
1269 20 69355 0.9124685884194876
1270 18 69373 0.9127054087123554
1271 18 69391 0.9129422290052231
1272 22 69413 0.9132316760298393
1273 19 69432 0.9134816530056442
1274 21 69453 0.9137579433473233
1275 17 69470 0.913981606957254
1276 7 69477 0.9140737037378136
1277 17 69494 0.9142973673477442
1278 15 69509 0.9144947175918008
1279 13 69522 0.914665754469983
1280 11 69533 0.9148104779822911
1281 16 69549 0.9150209849092846
1282 19 69568 0.9152709618850895
1283 11 69579 0.9154156853973976
1284 20 69599 0.9156788190561396
1285 12 69611 0.9158366992513848
1286 9 69620 0.9159551093978187
1287 20 69640 0.9162182430565606
1288 15 69655 0.9164155933006171
1289 15 69670 0.9166129435446735
1290 13 69683 0.9167839804228558
1291 13 69696 0.916955017301038
1292 11 69707 0.9170997408133461
1293 13 69720 0.9172707776915284
1294 13 69733 0.9174418145697106
1295 13 69746 0.917612851447893
1296 15 69761 0.9178102016919494
1297 14 69775 0.9179943952530688
1298 16 69791 0.9182049021800623
1299 13 69804 0.9183759390582447
1300 14 69818 0.918560132619364
1301 15 69833 0.9187574828634205
1302 12 69845 0.9189153630586656
1303 12 69857 0.9190732432539108
1304 11 69868 0.9192179667662189
1305 13 69881 0.9193890036444011
1306 10 69891 0.9195205704737721
1307 17 69908 0.9197442340837029
1308 19 69927 0.9199942110595076
1309 20 69947 0.9202573447182496
1310 5 69952 0.9203231281329352
1311 15 69967 0.9205204783769916
1312 16 69983 0.9207309853039851
1313 21 70004 0.9210072756456642
1314 16 70020 0.9212177825726577
1315 12 70032 0.921375662767903
1316 16 70048 0.9215861696948965
1317 13 70061 0.9217572065730788
1318 12 70073 0.921915086768324
1319 12 70085 0.9220729669635691
1320 15 70100 0.9222703172076256
1321 8 70108 0.9223755706711224
1322 16 70124 0.922586077598116
1323 9 70133 0.9227044877445498
1324 10 70143 0.9228360545739208
1325 12 70155 0.922993934769166
1326 13 70168 0.9231649716473482
1327 12 70180 0.9233228518425934
1328 19 70199 0.9235728288183983
1329 18 70217 0.9238096491112661
1330 15 70232 0.9240069993553225
1331 11 70243 0.9241517228676306
1332 19 70262 0.9244016998434355
1333 13 70275 0.9245727367216178
1334 14 70289 0.9247569302827371
1335 10 70299 0.9248884971121081
1336 19 70318 0.9251384740879129
1337 13 70331 0.9253095109660953
1338 11 70342 0.9254542344784034
1339 18 70360 0.9256910547712711
1340 16 70376 0.9259015616982647
1341 16 70392 0.9261120686252582
1342 9 70401 0.9262304787716921
1343 14 70415 0.9264146723328115
1344 15 70430 0.9266120225768679
1345 21 70451 0.926888312918547
1346 11 70462 0.9270330364308551
1347 14 70476 0.9272172299919744
1348 11 70487 0.9273619535042825
1349 17 70504 0.9275856171142132
1350 13 70517 0.9277566539923955
1351 14 70531 0.9279408475535148
1352 18 70549 0.9281776678463826
1353 11 70560 0.9283223913586907
1354 15 70575 0.9285197416027471
1355 11 70586 0.9286644651150552
1356 11 70597 0.9288091886273633
1357 6 70603 0.9288881287249858
1358 13 70616 0.9290591656031681
1359 9 70625 0.929177575749602
1360 9 70634 0.9292959858960359
1361 13 70647 0.9294670227742181
1362 20 70667 0.9297301564329601
1363 14 70681 0.9299143499940795
1364 17 70698 0.9301380136040102
1365 19 70717 0.930387990579815
1366 8 70725 0.9304932440433118
1367 13 70738 0.9306642809214941
1368 19 70757 0.930914257897299
1369 15 70772 0.9311116081413554
1370 14 70786 0.9312958017024747
1371 16 70802 0.9315063086294684
1372 11 70813 0.9316510321417765
1373 10 70823 0.9317825989711473
1374 10 70833 0.9319141658005183
1375 11 70844 0.9320588893128264
1376 14 70858 0.9322430828739459
1377 11 70869 0.9323878063862538
1378 17 70886 0.9326114699961846
1379 14 70900 0.9327956635573039
1380 11 70911 0.932940387069612
1381 9 70920 0.9330587972160459
1382 15 70935 0.9332561474601023
1383 25 70960 0.9335850645335299
1384 13 70973 0.9337561014117121
1385 4 70977 0.9338087281434605
1386 9 70986 0.9339271382898944
1387 13 70999 0.9340981751680766
1388 12 71011 0.9342560553633218
1389 14 71025 0.9344402489244412
1390 11 71036 0.9345849724367492
1391 12 71048 0.9347428526319944
1392 8 71056 0.9348481060954912
1393 11 71067 0.9349928296077993
1394 12 71079 0.9351507098030445
1395 8 71087 0.9352559632665413
1396 13 71100 0.9354270001447235
1397 6 71106 0.9355059402423461
1398 21 71127 0.9357822305840252
1399 19 71146 0.93603220755983
1400 7 71153 0.9361243043403897
1401 17 71170 0.9363479679503204
1402 9 71179 0.9364663780967543
1403 13 71192 0.9366374149749365
1404 11 71203 0.9367821384872446
1405 13 71216 0.9369531753654269
1406 16 71232 0.9371636822924204
1407 13 71245 0.9373347191706027
1408 7 71252 0.9374268159511624
1409 12 71264 0.9375846961464076
1410 6 71270 0.9376636362440302
1411 16 71286 0.9378741431710237
1412 12 71298 0.9380320233662689
1413 12 71310 0.9381899035615141
1414 11 71321 0.9383346270738222
1415 9 71330 0.9384530372202561
1416 11 71341 0.9385977607325641
1417 11 71352 0.9387424842448722
1418 4 71356 0.9387951109766206
1419 8 71364 0.9389003644401174
1420 13 71377 0.9390714013182996
1421 17 71394 0.9392950649282303
1422 10 71404 0.9394266317576013
1423 15 71419 0.9396239820016578
1424 9 71428 0.9397423921480916
1425 17 71445 0.9399660557580223
1426 9 71454 0.9400844659044562
1427 9 71463 0.94020287605089
1428 12 71475 0.9403607562461352
1429 18 71493 0.940597576539003
1430 9 71502 0.9407159866854369
1431 15 71517 0.9409133369294933
1432 10 71527 0.9410449037588643
1433 13 71540 0.9412159406370466
1434 9 71549 0.9413343507834805
1435 12 71561 0.9414922309787257
1436 14 71575 0.941676424539845
1437 14 71589 0.9418606181009643
1438 16 71605 0.942071125027958
1439 5 71610 0.9421369084426434
1440 9 71619 0.9422553185890773
1441 3 71622 0.9422947886378886
1442 10 71632 0.9424263554672596
1443 10 71642 0.9425579222966306
1444 13 71655 0.9427289591748128
1445 10 71665 0.9428605260041838
1446 12 71677 0.943018406199429
1447 10 71687 0.9431499730288
1448 8 71695 0.9432552264922968
1449 12 71707 0.943413106687542
1450 10 71717 0.943544673516913
1451 10 71727 0.943676240346284
1452 10 71737 0.9438078071756548
1453 10 71747 0.9439393740050258
1454 14 71761 0.9441235675661452
1455 12 71773 0.9442814477613904
1456 8 71781 0.9443867012248872
1457 9 71790 0.9445051113713211
1458 8 71798 0.9446103648348179
1459 12 71810 0.9447682450300631
1460 8 71818 0.9448734984935598
1461 11 71829 0.9450182220058679
1462 8 71837 0.9451234754693647
1463 12 71849 0.9452813556646098
1464 10 71859 0.9454129224939808
1465 12 71871 0.945570802689226
1466 9 71880 0.9456892128356599
1467 4 71884 0.9457418395674083
1468 12 71896 0.9458997197626534
1469 8 71904 0.9460049732261502
1470 10 71914 0.9461365400555212
1471 12 71926 0.9462944202507664
1472 9 71935 0.9464128303972003
1473 7 71942 0.9465049271777599
1474 10 71952 0.9466364940071309
1475 9 71961 0.9467549041535648
1476 11 71972 0.9468996276658729
1477 10 71982 0.9470311944952439
1478 12 71994 0.9471890746904891
1479 4 71998 0.9472417014222374
1480 10 72008 0.9473732682516084
1481 12 72020 0.9475311484468536
1482 9 72029 0.9476495585932875
1483 11 72040 0.9477942821055956
1484 9 72049 0.9479126922520295
1485 10 72059 0.9480442590814004
1486 9 72068 0.9481626692278343
1487 10 72078 0.9482942360572053
1488 12 72090 0.9484521162524504
1489 10 72100 0.9485836830818214
1490 11 72111 0.9487284065941295
1491 14 72125 0.9489126001552488
1492 4 72129 0.9489652268869972
1493 11 72140 0.9491099503993053
1494 6 72146 0.9491888904969279
1495 10 72156 0.9493204573262989
1496 15 72171 0.9495178075703553
1497 5 72176 0.9495835909850409
1498 14 72190 0.9497677845461602
1499 15 72205 0.9499651347902167
1500 6 72211 0.9500440748878393
1501 11 72222 0.9501887984001474
1502 10 72232 0.9503203652295183
1503 9 72241 0.9504387753759522
1504 7 72248 0.9505308721565119
1505 8 72256 0.9506361256200087
1506 13 72269 0.950807162498191
1507 10 72279 0.950938729327562
1508 7 72286 0.9510308261081216
1509 5 72291 0.9510966095228071
1510 8 72299 0.9512018629863039
1511 10 72309 0.9513334298156749
1512 9 72318 0.9514518399621088
1513 10 72328 0.9515834067914797
1514 8 72336 0.9516886602549766
1515 9 72345 0.9518070704014104
1516 6 72351 0.951886010499033
1517 10 72361 0.952017577328404
1518 13 72374 0.9521886142065862
1519 10 72384 0.9523201810359572
1520 3 72387 0.9523596510847685
1521 7 72394 0.9524517478653282
1522 13 72407 0.9526227847435105
1523 10 72417 0.9527543515728815
1524 7 72424 0.9528464483534411
1525 5 72429 0.9529122317681267
1526 11 72440 0.9530569552804347
1527 11 72451 0.9532016787927428
1528 9 72460 0.9533200889391766
1529 9 72469 0.9534384990856105
1530 6 72475 0.9535174391832332
1531 12 72487 0.9536753193784783
1532 10 72497 0.9538068862078493
1533 6 72503 0.9538858263054719
1534 5 72508 0.9539516097201574
1535 11 72519 0.9540963332324655
1536 13 72532 0.9542673701106477
1537 10 72542 0.9543989369400186
1538 7 72549 0.9544910337205784
1539 8 72557 0.9545962871840752
1540 5 72562 0.9546620705987606
1541 8 72570 0.9547673240622574
1542 6 72576 0.95484626415988
1543 2 72578 0.9548725775257542
1544 7 72585 0.9549646743063139
1545 8 72593 0.9550699277698107
1546 10 72603 0.9552014945991817
1547 12 72615 0.9553593747944268
1548 9 72624 0.9554777849408607
1549 5 72629 0.9555435683555462
1550 6 72635 0.9556225084531688
1551 10 72645 0.9557540752825398
1552 10 72655 0.9558856421119107
1553 17 72672 0.9561093057218414
1554 7 72679 0.956201402502401
1555 9 72688 0.9563198126488349
1556 9 72697 0.9564382227952689
1557 15 72712 0.9566355730393253
1558 8 72720 0.9567408265028221
1559 3 72723 0.9567802965516334
1560 12 72735 0.9569381767468785
1561 9 72744 0.9570565868933124
1562 7 72751 0.9571486836738722
1563 12 72763 0.9573065638691173
1564 2 72765 0.9573328772349915
1565 10 72775 0.9574644440643625
1566 10 72785 0.9575960108937335
1567 10 72795 0.9577275777231045
1568 4 72799 0.9577802044548528
1569 7 72806 0.9578723012354126
1570 8 72814 0.9579775546989093
1571 5 72819 0.9580433381135948
1572 10 72829 0.9581749049429658
1573 6 72835 0.9582538450405884
1574 5 72840 0.9583196284552739
1575 10 72850 0.9584511952846448
1576 7 72857 0.9585432920652045
1577 8 72865 0.9586485455287013
1578 12 72877 0.9588064257239465
1579 5 72882 0.9588722091386319
1580 3 72885 0.9589116791874432
1581 9 72894 0.9590300893338771
1582 6 72900 0.9591090294314998
1583 8 72908 0.9592142828949966
1584 11 72919 0.9593590064073045
1585 14 72933 0.959543199968424
1586 5 72938 0.9596089833831094
1587 11 72949 0.9597537068954175
1588 10 72959 0.9598852737247885
1589 5 72964 0.959951057139474
1590 11 72975 0.960095780651782
1591 6 72981 0.9601747207494047
1592 10 72991 0.9603062875787757
1593 3 72994 0.9603457576275869
1594 8 73002 0.9604510110910837
1595 7 73009 0.9605431078716434
1596 6 73015 0.960622047969266
1597 4 73019 0.9606746747010144
1598 7 73026 0.9607667714815741
1599 7 73033 0.9608588682621337
1600 12 73045 0.9610167484573789
1601 9 73054 0.9611351586038128
1602 6 73060 0.9612140987014354
1603 8 73068 0.9613193521649321
1604 7 73075 0.9614114489454919
1605 8 73083 0.9615167024089887
1606 11 73094 0.9616614259212968
1607 9 73103 0.9617798360677307
1608 4 73107 0.961832462799479
1609 11 73118 0.9619771863117871
1610 9 73127 0.962095596458221
1611 9 73136 0.9622140066046548
1612 11 73147 0.9623587301169629
1613 3 73150 0.9623982001657742
1614 9 73159 0.962516610312208
1615 15 73174 0.9627139605562646
1616 7 73181 0.9628060573368242
1617 5 73186 0.9628718407515098
1618 5 73191 0.9629376241661952
1619 6 73197 0.9630165642638178
1620 9 73206 0.9631349744102516
1621 4 73210 0.9631876011420001
1622 6 73216 0.9632665412396226
1623 4 73220 0.9633191679713711
1624 11 73231 0.9634638914836792
1625 6 73237 0.9635428315813017
1626 8 73245 0.9636480850447985
1627 7 73252 0.9637401818253581
1628 7 73259 0.9638322786059179
1629 7 73266 0.9639243753864776
1630 9 73275 0.9640427855329115
1631 4 73279 0.9640954122646598
1632 4 73283 0.9641480389964082
1633 3 73286 0.9641875090452195
1634 7 73293 0.9642796058257792
1635 5 73298 0.9643453892404646
1636 11 73309 0.9644901127527727
1637 8 73317 0.9645953662162695
1638 6 73323 0.9646743063138922
1639 7 73330 0.9647664030944518
1640 4 73334 0.9648190298262003
1641 13 73347 0.9649900667043825
1642 6 73353 0.965069006802005
1643 12 73365 0.9652268869972502
1644 5 73370 0.9652926704119358
1645 4 73374 0.9653452971436841
1646 9 73383 0.965463707290118
1647 8 73391 0.9655689607536148
1648 4 73395 0.9656215874853632
1649 11 73406 0.9657663109976713
1650 8 73414 0.9658715644611681
1651 5 73419 0.9659373478758535
1652 6 73425 0.9660162879734762
1653 11 73436 0.9661610114857841
1654 6 73442 0.9662399515834068
1655 4 73446 0.9662925783151551
1656 10 73456 0.9664241451445261
1657 8 73464 0.9665293986080229
1658 8 73472 0.9666346520715198
1659 11 73483 0.9667793755838278
1660 8 73491 0.9668846290473246
1661 9 73500 0.9670030391937585
1662 4 73504 0.9670556659255068
1663 7 73511 0.9671477627060665
1664 8 73519 0.9672530161695634
1665 7 73526 0.967345112950123
1666 3 73529 0.9673845829989343
1667 4 73533 0.9674372097306827
1668 3 73536 0.967476679779494
1669 10 73546 0.967608246608865
1670 8 73554 0.9677135000723618
1671 3 73557 0.967752970121173
1672 7 73564 0.9678450669017328
1673 6 73570 0.9679240069993553
1674 4 73574 0.9679766337311038
1675 8 73582 0.9680818871946005
1676 5 73587 0.968147670609286
1677 5 73592 0.9682134540239715
1678 6 73598 0.9682923941215941
1679 11 73609 0.9684371176339022
1680 8 73617 0.9685423710973989
1681 8 73625 0.9686476245608957
1682 7 73632 0.9687397213414554
1683 8 73640 0.9688449748049521
1684 4 73644 0.9688976015367006
1685 3 73647 0.9689370715855119
1686 6 73653 0.9690160116831344
1687 8 73661 0.9691212651466312
1688 5 73666 0.9691870485613168
1689 5 73671 0.9692528319760022
1690 8 73679 0.969358085439499
1691 5 73684 0.9694238688541845
1692 6 73690 0.9695028089518071
1693 5 73695 0.9695685923664925
1694 3 73698 0.9696080624153038
1695 4 73702 0.9696606891470523
1696 1 73703 0.9696738458299894
1697 8 73711 0.9697790992934862
1698 4 73715 0.9698317260252345
1699 5 73720 0.96989750943992
1700 13 73733 0.9700685463181022
1701 7 73740 0.970160643098662
1702 2 73742 0.9701869564645361
1703 5 73747 0.9702527398792217
1704 4 73751 0.97030536661097
1705 6 73757 0.9703843067085927
1706 6 73763 0.9704632468062152
1707 8 73771 0.970568500269712
1708 11 73782 0.9707132237820201
1709 2 73784 0.9707395371478943
1710 5 73789 0.9708053205625797
1711 6 73795 0.9708842606602024
1712 7 73802 0.970976357440762
1713 8 73810 0.9710816109042588
1714 1 73811 0.9710947675871959
1715 5 73816 0.9711605510018814
1716 6 73822 0.971239491099504
1717 8 73830 0.9713447445630008
1718 6 73836 0.9714236846606233
1719 9 73845 0.9715420948070572
1720 8 73853 0.971647348270554
1721 8 73861 0.9717526017340508
1722 7 73868 0.9718446985146105
1723 5 73873 0.971910481929296
1724 8 73881 0.9720157353927927
1725 8 73889 0.9721209888562895
1726 3 73892 0.9721604589051008
1727 4 73896 0.9722130856368493
1728 6 73902 0.9722920257344718
1729 8 73910 0.9723972791979686
1730 4 73914 0.972449905929717
1731 6 73920 0.9725288460273396
1732 6 73926 0.9726077861249621
1733 5 73931 0.9726735695396477
1734 4 73935 0.972726196271396
1735 2 73937 0.9727525096372702
1736 5 73942 0.9728182930519558
1737 7 73949 0.9729103898325154
1738 5 73954 0.9729761732472009
1739 4 73958 0.9730287999789493
1740 10 73968 0.9731603668083203
1741 7 73975 0.97325246358888
1742 2 73977 0.9732787769547542
1743 4 73981 0.9733314036865025
1744 5 73986 0.973397187101188
1745 5 73991 0.9734629705158735
1746 5 73996 0.973528753930559
1747 2 73998 0.9735550672964333
1748 3 74001 0.9735945373452445
1749 3 74004 0.9736340073940558
1750 7 74011 0.9737261041746155
1751 3 74014 0.9737655742234268
1752 7 74021 0.9738576710039865
1753 7 74028 0.9739497677845461
1754 5 74033 0.9740155511992317
1755 1 74034 0.9740287078821688
1756 4 74038 0.9740813346139171
1757 7 74045 0.9741734313944769
1758 9 74054 0.9742918415409108
1759 3 74057 0.974331311589722
1760 8 74065 0.9744365650532187
1761 6 74071 0.9745155051508414
1762 7 74078 0.9746076019314011
1763 3 74081 0.9746470719802124
1764 2 74083 0.9746733853460865
1765 5 74088 0.974739168760772
1766 4 74092 0.9747917954925204
1767 3 74095 0.9748312655413317
1768 9 74104 0.9749496756877656
1769 5 74109 0.9750154591024511
1770 4 74113 0.9750680858341995
1771 4 74117 0.9751207125659479
1772 3 74120 0.9751601826147591
1773 4 74124 0.9752128093465076
1774 4 74128 0.975265436078256
1775 6 74134 0.9753443761758785
1776 6 74140 0.9754233162735011
1777 4 74144 0.9754759430052495
1778 1 74145 0.9754890996881866
1779 3 74148 0.9755285697369979
1780 3 74151 0.9755680397858092
1781 6 74157 0.9756469798834317
1782 3 74160 0.9756864499322431
1783 6 74166 0.9757653900298656
1784 2 74168 0.9757917033957398
1785 4 74172 0.9758443301274883
1786 3 74175 0.9758838001762995
1787 8 74183 0.9759890536397964
1788 6 74189 0.9760679937374189
1789 7 74196 0.9761600905179786
1790 6 74202 0.9762390306156012
1791 5 74207 0.9763048140302867
1792 2 74209 0.9763311273961609
1793 5 74214 0.9763969108108463
1794 8 74222 0.9765021642743431
1795 5 74227 0.9765679476890287
1796 3 74230 0.97660741773784
1797 5 74235 0.9766732011525254
1798 1 74236 0.9766863578354625
1799 7 74243 0.9767784546160222
1800 2 74245 0.9768047679818964
1801 3 74248 0.9768442380307077
1802 4 74252 0.9768968647624561
1803 5 74257 0.9769626481771416
1804 6 74263 0.9770415882747642
1805 5 74268 0.9771073716894496
1806 3 74271 0.9771468417382609
1807 3 74274 0.9771863117870723
1808 5 74279 0.9772520952017577
1809 5 74284 0.9773178786164433
1810 4 74288 0.9773705053481916
1811 2 74290 0.9773968187140658
1812 6 74296 0.9774757588116884
1813 7 74303 0.9775678555922481
1814 4 74307 0.9776204823239965
1815 3 74310 0.9776599523728078
1816 5 74315 0.9777257357874932
1817 6 74321 0.9778046758851159
1818 3 74324 0.9778441459339271
1819 2 74326 0.9778704592998013
1820 4 74330 0.9779230860315498
1821 6 74336 0.9780020261291723
1822 6 74342 0.9780809662267949
1823 2 74344 0.9781072795926691
1824 5 74349 0.9781730630073546
1825 2 74351 0.9781993763732287
1826 7 74358 0.9782914731537885
1827 4 74362 0.9783440998855368
1828 6 74368 0.9784230399831595
1829 3 74371 0.9784625100319707
1830 5 74376 0.9785282934466563
1831 1 74377 0.9785414501295934
1832 1 74378 0.9785546068125304
1833 5 74383 0.9786203902272159
1834 4 74387 0.9786730169589644
1835 7 74394 0.978765113739524
1836 1 74395 0.9787782704224611
1837 5 74400 0.9788440538371466
1838 4 74404 0.978896680568895
1839 2 74406 0.9789229939347691
1840 5 74411 0.9789887773494547
1841 3 74414 0.979028247398266
1842 3 74417 0.9790677174470772
1843 2 74419 0.9790940308129514
1844 9 74428 0.9792124409593853
1845 4 74432 0.9792650676911338
1846 4 74436 0.9793176944228821
1847 5 74441 0.9793834778375676
1848 3 74444 0.9794229478863788
1849 5 74449 0.9794887313010644
1850 2 74451 0.9795150446669386
1851 4 74455 0.979567671398687
1852 6 74461 0.9796466114963096
1853 1 74462 0.9796597681792466
1854 10 74472 0.9797913350086176
1855 3 74475 0.9798308050574289
1856 4 74479 0.9798834317891774
1857 2 74481 0.9799097451550515
1858 4 74485 0.9799623718867999
1859 4 74489 0.9800149986185482
1860 3 74492 0.9800544686673596
1861 3 74495 0.9800939387161709
1862 2 74497 0.9801202520820451
1863 3 74500 0.9801597221308563
1864 7 74507 0.9802518189114161
1865 4 74511 0.9803044456431644
1866 5 74516 0.98037022905785
1867 5 74521 0.9804360124725354
1868 6 74527 0.980514952570158
1869 4 74531 0.9805675793019064
1870 6 74537 0.980646519399529
1871 4 74541 0.9806991461312774
1872 5 74546 0.9807649295459628
1873 5 74551 0.9808307129606484
1874 5 74556 0.9808964963753338
1875 3 74559 0.9809359664241452
1876 7 74566 0.9810280632047048
1877 5 74571 0.9810938466193904
1878 6 74577 0.9811727867170129
1879 3 74580 0.9812122567658242
1880 2 74582 0.9812385701316984
1881 2 74584 0.9812648834975726
1882 6 74590 0.9813438235951952
1883 5 74595 0.9814096070098807
1884 4 74599 0.9814622337416291
1885 2 74601 0.9814885471075032
1886 5 74606 0.9815543305221888
1887 2 74608 0.981580643888063
1888 2 74610 0.9816069572539371
1889 6 74616 0.9816858973515598
1890 3 74619 0.981725367400371
1891 5 74624 0.9817911508150565
1892 4 74628 0.9818437775468049
1894 5 74633 0.9819095609614904
1895 4 74637 0.9819621876932387
1896 5 74642 0.9820279711079243
1897 4 74646 0.9820805978396726
1898 3 74649 0.9821200678884839
1899 6 74655 0.9821990079861066
1900 4 74659 0.9822516347178549
1901 7 74666 0.9823437314984146
1902 2 74668 0.9823700448642888
1903 3 74671 0.9824095149131001
1904 4 74675 0.9824621416448485
1905 6 74681 0.9825410817424711
1906 4 74685 0.9825937084742195
1907 1 74686 0.9826068651571566
1908 1 74687 0.9826200218400937
1909 5 74692 0.9826858052547791
1910 7 74699 0.9827779020353389
1911 4 74703 0.9828305287670872
1912 2 74705 0.9828568421329614
1913 3 74708 0.9828963121817728
1914 2 74710 0.982922625547647
1915 1 74711 0.982935782230584
1916 1 74712 0.9829489389135211
1917 3 74715 0.9829884089623324
1919 4 74719 0.9830410356940809
1920 4 74723 0.9830936624258292
1921 2 74725 0.9831199757917034
1922 5 74730 0.9831857592063888
1923 4 74734 0.9832383859381373
1924 3 74737 0.9832778559869486
1925 3 74740 0.9833173260357598
1926 6 74746 0.9833962661333825
1927 2 74748 0.9834225794992566
1928 4 74752 0.983475206231005
1929 3 74755 0.9835146762798164
1930 2 74757 0.9835409896456905
1931 7 74764 0.9836330864262502
1932 5 74769 0.9836988698409357
1933 1 74770 0.9837120265238728
1934 4 74774 0.9837646532556212
1935 5 74779 0.9838304366703067
1936 5 74784 0.9838962200849922
1937 3 74787 0.9839356901338034
1938 1 74788 0.9839488468167406
1939 3 74791 0.9839883168655519
1940 4 74795 0.9840409435973002
1941 1 74796 0.9840541002802373
1942 4 74800 0.9841067270119858
1943 5 74805 0.9841725104266712
1944 3 74808 0.9842119804754825
1945 1 74809 0.9842251371584196
1946 2 74811 0.9842514505242939
1947 3 74814 0.9842909205731051
1948 6 74820 0.9843698606707277
1949 3 74823 0.984409330719539
1950 2 74825 0.9844356440854132
1951 1 74826 0.9844488007683503
1953 2 74828 0.9844751141342245
1954 2 74830 0.9845014275000987
1955 5 74835 0.9845672109147842
1957 1 74836 0.9845803675977213
1958 3 74839 0.9846198376465326
1959 2 74841 0.9846461510124067
1960 3 74844 0.984685621061218
1961 3 74847 0.9847250911100294
1962 4 74851 0.9847777178417777
1963 4 74855 0.9848303445735261
1964 2 74857 0.9848566579394004
1966 5 74862 0.9849224413540858
1967 9 74871 0.9850408515005197
1968 3 74874 0.985080321549331
1969 3 74877 0.9851197915981422
1970 2 74879 0.9851461049640164
1971 1 74880 0.9851592616469536
1972 5 74885 0.9852250450616391
1973 1 74886 0.9852382017445761
1974 6 74892 0.9853171418421988
1975 1 74893 0.9853302985251359
1976 5 74898 0.9853960819398213
1977 1 74899 0.9854092386227584
1978 1 74900 0.9854223953056955
1979 2 74902 0.9854487086715698
1980 1 74903 0.9854618653545069
1981 3 74906 0.9855013354033181
1982 2 74908 0.9855276487691923
1983 5 74913 0.9855934321838778
1984 2 74915 0.985619745549752
1985 5 74920 0.9856855289644375
1986 2 74922 0.9857118423303117
1987 1 74923 0.9857249990132487
1988 1 74924 0.9857381556961858
1989 5 74929 0.9858039391108714
1990 1 74930 0.9858170957938085
1991 2 74932 0.9858434091596827
1992 1 74933 0.9858565658426197
1993 2 74935 0.9858828792084939
1994 6 74941 0.9859618193061166
1995 5 74946 0.986027602720802
1996 5 74951 0.9860933861354875
1997 4 74955 0.9861460128672359
1998 2 74957 0.9861723262331101
1999 2 74959 0.9861986395989844
2000 5 74964 0.9862644230136698
2001 1 74965 0.9862775796966069
2002 1 74966 0.986290736379544
2003 11 74977 0.9864354598918521
2004 1 74978 0.9864486165747892
2005 4 74982 0.9865012433065375
2006 3 74985 0.9865407133553489
2007 8 74993 0.9866459668188456
2008 2 74995 0.9866722801847199
2010 4 74999 0.9867249069164682
2011 2 75001 0.9867512202823424
2012 5 75006 0.9868170036970279
2013 3 75009 0.9868564737458392
2014 4 75013 0.9869091004775876
2015 4 75017 0.986961727209336
2016 3 75020 0.9870011972581473
2017 2 75022 0.9870275106240215
2018 3 75025 0.9870669806728327
2019 1 75026 0.9870801373557698
2020 4 75030 0.9871327640875183
2021 1 75031 0.9871459207704554
2022 1 75032 0.9871590774533925
2023 5 75037 0.9872248608680779
2024 3 75040 0.9872643309168893
2025 2 75042 0.9872906442827635
2026 3 75045 0.9873301143315747
2027 3 75048 0.987369584380386
2028 2 75050 0.9873958977462602
2029 3 75053 0.9874353677950715
2030 4 75057 0.9874879945268199
2031 1 75058 0.987501151209757
2032 4 75062 0.9875537779415053
2033 2 75064 0.9875800913073796
2034 1 75065 0.9875932479903167
2035 3 75068 0.987632718039128
2036 6 75074 0.9877116581367505
2037 1 75075 0.9877248148196877
2038 4 75079 0.9877774415514361
2039 2 75081 0.9878037549173102
2040 1 75082 0.9878169116002473
2041 2 75084 0.9878432249661215
2042 1 75085 0.9878563816490586
2043 1 75086 0.9878695383319958
2044 1 75087 0.9878826950149329
2045 2 75089 0.9879090083808071
2046 2 75091 0.9879353217466812
2047 6 75097 0.9880142618443039
2048 2 75099 0.988040575210178
2049 3 75102 0.9880800452589893
2050 3 75105 0.9881195153078006
2051 1 75106 0.9881326719907377
2052 3 75109 0.988172142039549
2053 2 75111 0.9881984554054232
2054 4 75115 0.9882510821371716
2055 3 75118 0.9882905521859828
2056 1 75119 0.9883037088689199
2057 4 75123 0.9883563356006684
2058 3 75126 0.9883958056494797
2059 2 75128 0.9884221190153538
2060 5 75133 0.9884879024300394
2061 1 75134 0.9885010591129765
2062 1 75135 0.9885142157959136
2063 2 75137 0.9885405291617877
2065 1 75138 0.9885536858447248
2066 3 75141 0.9885931558935361
2067 3 75144 0.9886326259423475
2068 3 75147 0.9886720959911587
2069 2 75149 0.9886984093570329
2070 4 75153 0.9887510360887813
2071 2 75155 0.9887773494546555
2072 2 75157 0.9888036628205297
2073 3 75160 0.988843132869341
2075 1 75161 0.9888562895522781
2076 2 75163 0.9888826029181522
2077 6 75169 0.9889615430157749
2078 1 75170 0.988974699698712
2079 4 75174 0.9890273264304603
2081 3 75177 0.9890667964792716
2082 2 75179 0.9890931098451459
2083 2 75181 0.9891194232110201
2085 2 75183 0.9891457365768942
2086 1 75184 0.9891588932598313
2087 1 75185 0.9891720499427684
2088 4 75189 0.9892246766745169
2089 9 75198 0.9893430868209507
2090 3 75201 0.989382556869762
2092 4 75205 0.9894351836015104
2094 2 75207 0.9894614969673846
2095 3 75210 0.9895009670161958
2096 1 75211 0.9895141236991329
2097 3 75214 0.9895535937479443
2098 4 75218 0.9896062204796927
2102 3 75221 0.9896456905285039
2103 2 75223 0.9896720038943781
2104 1 75224 0.9896851605773153
2105 6 75230 0.9897641006749378
2106 2 75232 0.989790414040812
2107 4 75236 0.9898430407725605
2108 3 75239 0.9898825108213717
2109 3 75242 0.989921980870183
2110 2 75244 0.9899482942360572
2111 5 75249 0.9900140776507427
2112 2 75251 0.9900403910166169
2113 1 75252 0.990053547699554
2114 1 75253 0.9900667043824911
2115 4 75257 0.9901193311142394
2116 3 75260 0.9901588011630508
2117 2 75262 0.990185114528925
2118 3 75265 0.9902245845777362
2119 3 75268 0.9902640546265475
2120 2 75270 0.9902903679924218
2122 1 75271 0.9903035246753589
2123 4 75275 0.9903561514071072
2124 5 75280 0.9904219348217927
2125 2 75282 0.990448248187667
2126 2 75284 0.9904745615535411
2127 1 75285 0.9904877182364782
2128 3 75288 0.9905271882852895
2129 2 75290 0.9905535016511637
2131 2 75292 0.990579815017038
2132 2 75294 0.9906061283829121
2133 1 75295 0.9906192850658492
2134 3 75298 0.9906587551146605
2135 2 75300 0.9906850684805347
2136 3 75303 0.9907245385293459
2137 1 75304 0.990737695212283
2138 1 75305 0.9907508518952202
2140 4 75309 0.9908034786269686
2141 1 75310 0.9908166353099057
2142 4 75314 0.990869262041654
2143 3 75317 0.9909087320904654
2144 3 75320 0.9909482021392766
2145 1 75321 0.9909613588222137
2146 2 75323 0.9909876721880879
2148 1 75324 0.991000828871025
2149 3 75327 0.9910402989198364
2150 2 75329 0.9910666122857106
2151 3 75332 0.9911060823345218
2152 3 75335 0.9911455523833331
2153 4 75339 0.9911981791150815
2154 2 75341 0.9912244924809557
2155 1 75342 0.9912376491638928
2156 3 75345 0.9912771192127041
2157 1 75346 0.9912902758956412
2158 2 75348 0.9913165892615153
2159 2 75350 0.9913429026273896
2160 1 75351 0.9913560593103267
2161 2 75353 0.9913823726762009
2162 2 75355 0.9914086860420751
2163 1 75356 0.9914218427250122
2166 3 75359 0.9914613127738234
2167 2 75361 0.9914876261396977
2168 2 75363 0.9915139395055719
2169 2 75365 0.9915402528714461
2170 3 75368 0.9915797229202573
2171 2 75370 0.9916060362861315
2172 1 75371 0.9916191929690686
2173 2 75373 0.9916455063349429
2174 4 75377 0.9916981330666912
2175 2 75379 0.9917244464325654
2176 2 75381 0.9917507597984396
2177 4 75385 0.991803386530188
2178 2 75387 0.9918296998960622
2180 1 75388 0.9918428565789993
2181 2 75390 0.9918691699448735
2182 2 75392 0.9918954833107477
2183 2 75394 0.9919217966766218
2185 2 75396 0.9919481100424961
2186 2 75398 0.9919744234083703
2187 1 75399 0.9919875800913074
2188 2 75401 0.9920138934571816
2189 2 75403 0.9920402068230558
2190 3 75406 0.992079676871867
2191 2 75408 0.9921059902377413
2192 2 75410 0.9921323036036155
2193 3 75413 0.9921717736524267
2194 3 75416 0.992211243701238
2197 1 75417 0.9922244003841751
2198 1 75418 0.9922375570671123
2199 2 75420 0.9922638704329865
2201 3 75423 0.9923033404817977
2202 1 75424 0.9923164971647348
2203 2 75426 0.992342810530609
2204 1 75427 0.9923559672135461
2205 2 75429 0.9923822805794204
2206 3 75432 0.9924217506282316
2207 1 75433 0.9924349073111687
2208 2 75435 0.9924612206770429
2211 3 75438 0.9925006907258542
2212 3 75441 0.9925401607746654
2213 2 75443 0.9925664741405397
2214 3 75446 0.992605944189351
2215 1 75447 0.9926191008722881
2217 1 75448 0.9926322575552252
2218 1 75449 0.9926454142381623
2219 4 75453 0.9926980409699107
2220 2 75455 0.9927243543357849
2221 2 75457 0.9927506677016591
2222 1 75458 0.9927638243845962
2223 1 75459 0.9927769810675332
2224 4 75463 0.9928296077992816
2225 2 75465 0.9928559211651559
2226 3 75468 0.9928953912139671
2227 1 75469 0.9929085478969042
2228 1 75470 0.9929217045798413
2230 2 75472 0.9929480179457155
2231 1 75473 0.9929611746286526
2232 2 75475 0.9929874879945269
2233 3 75478 0.9930269580433381
2236 3 75481 0.9930664280921494
2238 2 75483 0.9930927414580236
2239 2 75485 0.9931190548238978
2240 2 75487 0.993145368189772
2241 1 75488 0.9931585248727091
2242 3 75491 0.9931979949215204
2243 5 75496 0.9932637783362058
2249 1 75497 0.9932769350191429
2250 1 75498 0.99329009170208
2252 1 75499 0.9933032483850172
2253 3 75502 0.9933427184338285
2254 1 75503 0.9933558751167656
2255 5 75508 0.993421658531451
2256 1 75509 0.9934348152143881
2257 1 75510 0.9934479718973253
2258 1 75511 0.9934611285802624
2259 2 75513 0.9934874419461366
2260 1 75514 0.9935005986290736
2261 4 75518 0.993553225360822
2263 1 75519 0.9935663820437591
2265 1 75520 0.9935795387266962
2266 1 75521 0.9935926954096334
2273 1 75522 0.9936058520925705
2274 2 75524 0.9936321654584446
2275 3 75527 0.9936716355072559
2276 1 75528 0.993684792190193
2277 2 75530 0.9937111055560672
2278 1 75531 0.9937242622390043
2280 1 75532 0.9937374189219415
2282 2 75534 0.9937637322878156
2283 2 75536 0.9937900456536898
2284 2 75538 0.993816359019564
2285 1 75539 0.9938295157025011
2286 1 75540 0.9938426723854382
2287 1 75541 0.9938558290683753
2288 3 75544 0.9938952991171865
2289 1 75545 0.9939084558001237
2291 2 75547 0.9939347691659979
2292 1 75548 0.993947925848935
2293 2 75550 0.9939742392148092
2294 2 75552 0.9940005525806833
2296 1 75553 0.9940137092636204
2297 1 75554 0.9940268659465575
2298 1 75555 0.9940400226294946
2299 1 75556 0.9940531793124318
2300 1 75557 0.9940663359953689
2302 3 75560 0.9941058060441802
2303 1 75561 0.9941189627271172
2304 1 75562 0.9941321194100543
2305 1 75563 0.9941452760929914
2306 1 75564 0.9941584327759285
2307 1 75565 0.9941715894588656
2308 3 75568 0.994211059507677
2312 1 75569 0.9942242161906141
2315 2 75571 0.9942505295564882
2316 3 75574 0.9942899996052995
2317 3 75577 0.9943294696541108
2318 1 75578 0.994342626337048
2319 2 75580 0.9943689397029221
2320 1 75581 0.9943820963858592
2321 3 75584 0.9944215664346705
2325 1 75585 0.9944347231176076
2326 1 75586 0.9944478798005447
2328 1 75587 0.9944610364834818
2329 1 75588 0.9944741931664188
2330 3 75591 0.9945136632152302
2331 4 75595 0.9945662899469786
2332 1 75596 0.9945794466299157
2334 2 75598 0.9946057599957898
2335 1 75599 0.9946189166787269
2336 1 75600 0.994632073361664
2337 1 75601 0.9946452300446011
2338 2 75603 0.9946715434104754
2340 1 75604 0.9946847000934125
2341 3 75607 0.9947241701422237
2342 1 75608 0.9947373268251608
2343 2 75610 0.994763640191035
2347 2 75612 0.9947899535569092
2348 3 75615 0.9948294236057206
2351 1 75616 0.9948425802886576
2352 1 75617 0.9948557369715947
2354 3 75620 0.994895207020406
2355 2 75622 0.9949215203862802
2357 2 75624 0.9949478337521545
2359 1 75625 0.9949609904350915
2360 1 75626 0.9949741471180286
2362 1 75627 0.9949873038009657
2364 2 75629 0.9950136171668399
2365 4 75633 0.9950662438985883
2366 1 75634 0.9950794005815253
2370 2 75636 0.9951057139473996
2373 1 75637 0.9951188706303367
2376 1 75638 0.9951320273132738
2378 1 75639 0.9951451839962109
2379 1 75640 0.995158340679148
2380 1 75641 0.9951714973620851
2383 2 75643 0.9951978107279593
2384 2 75645 0.9952241240938334
2386 1 75646 0.9952372807767705
2387 2 75648 0.9952635941426448
2389 1 75649 0.9952767508255819
2391 1 75650 0.995289907508519
2393 1 75651 0.9953030641914561
2394 1 75652 0.9953162208743932
2396 1 75653 0.9953293775573302
2397 1 75654 0.9953425342402673
2398 1 75655 0.9953556909232044
2399 1 75656 0.9953688476061415
2400 2 75658 0.9953951609720157
2401 1 75659 0.9954083176549529
2403 1 75660 0.99542147433789
2404 1 75661 0.9954346310208271
2406 1 75662 0.9954477877037641
2407 2 75664 0.9954741010696383
2409 2 75666 0.9955004144355125
2413 2 75668 0.9955267278013867
2416 2 75670 0.995553041167261
2417 2 75672 0.9955793545331351
2419 2 75674 0.9956056678990093
2420 1 75675 0.9956188245819464
2421 1 75676 0.9956319812648835
2424 2 75678 0.9956582946307577
2425 2 75680 0.9956846079966319
2427 1 75681 0.9956977646795689
2428 1 75682 0.995710921362506
2430 1 75683 0.9957240780454432
2431 2 75685 0.9957503914113174
2432 1 75686 0.9957635480942545
2433 3 75689 0.9958030181430658
2434 1 75690 0.9958161748260028
2435 1 75691 0.9958293315089399
2436 2 75693 0.9958556448748141
2437 1 75694 0.9958688015577513
2438 1 75695 0.9958819582406884
2439 2 75697 0.9959082716065626
2441 1 75698 0.9959214282894997
2443 1 75699 0.9959345849724367
2445 1 75700 0.9959477416553738
2448 1 75701 0.9959608983383109
2449 2 75703 0.9959872117041851
2451 1 75704 0.9960003683871222
2453 1 75705 0.9960135250700594
2455 1 75706 0.9960266817529965
2457 1 75707 0.9960398384359336
2459 1 75708 0.9960529951188706
2460 1 75709 0.9960661518018077
2463 1 75710 0.9960793084847448
2464 2 75712 0.996105621850619
2465 1 75713 0.9961187785335561
2467 1 75714 0.9961319352164932
2468 1 75715 0.9961450918994303
2470 2 75717 0.9961714052653046
2474 1 75718 0.9961845619482416
2476 1 75719 0.9961977186311787
2477 1 75720 0.9962108753141158
2478 1 75721 0.9962240319970529
2479 2 75723 0.9962503453629271
2481 2 75725 0.9962766587288013
2483 2 75727 0.9963029720946754
2484 1 75728 0.9963161287776126
2489 2 75730 0.9963424421434868
2492 1 75731 0.9963555988264239
2493 1 75732 0.996368755509361
2494 1 75733 0.9963819121922981
2496 2 75735 0.9964082255581723
2497 2 75737 0.9964345389240464
2498 2 75739 0.9964608522899207
2499 2 75741 0.9964871656557949
2501 3 75744 0.9965266357046062
2503 1 75745 0.9965397923875432
2506 2 75747 0.9965661057534174
2511 1 75748 0.9965792624363545
2513 2 75750 0.9966055758022287
2514 1 75751 0.9966187324851659
2517 1 75752 0.996631889168103
2518 3 75755 0.9966713592169142
2521 2 75757 0.9966976725827884
2524 1 75758 0.9967108292657255
2526 2 75760 0.9967371426315997
2527 1 75761 0.9967502993145368
2528 1 75762 0.996763455997474
2529 2 75764 0.9967897693633481
2530 1 75765 0.9968029260462852
2531 1 75766 0.9968160827292223
2532 2 75768 0.9968423960950965
2533 2 75770 0.9968687094609707
2534 3 75773 0.9969081795097819
2535 1 75774 0.996921336192719
2537 1 75775 0.9969344928756562
2540 1 75776 0.9969476495585933
2544 1 75777 0.9969608062415304
2546 2 75779 0.9969871196074046
2547 1 75780 0.9970002762903417
2548 1 75781 0.9970134329732788
2551 2 75783 0.9970397463391529
2552 1 75784 0.99705290302209
2556 1 75785 0.9970660597050272
2557 1 75786 0.9970792163879643
2558 2 75788 0.9971055297538385
2561 1 75789 0.9971186864367756
2562 1 75790 0.9971318431197127
2571 1 75791 0.9971449998026497
2572 2 75793 0.9971713131685239
2573 1 75794 0.997184469851461
2577 2 75796 0.9972107832173353
2580 1 75797 0.9972239399002724
2583 1 75798 0.9972370965832095
2589 1 75799 0.9972502532661466
2590 1 75800 0.9972634099490837
2595 4 75804 0.997316036680832
2597 1 75805 0.9973291933637691
2598 2 75807 0.9973555067296433
2599 1 75808 0.9973686634125805
2600 1 75809 0.9973818200955176
2602 2 75811 0.9974081334613917
2604 1 75812 0.9974212901443288
2605 3 75815 0.9974607601931401
2608 1 75816 0.9974739168760772
2610 1 75817 0.9974870735590143
2615 1 75818 0.9975002302419514
2616 2 75820 0.9975265436078256
2619 2 75822 0.9975528569736998
2620 1 75823 0.9975660136566369
2622 1 75824 0.997579170339574
2623 1 75825 0.9975923270225111
2624 2 75827 0.9976186403883853
2625 1 75828 0.9976317970713223
2626 1 75829 0.9976449537542594
2627 1 75830 0.9976581104371965
2629 3 75833 0.9976975804860079
2632 1 75834 0.997710737168945
2636 1 75835 0.9977238938518821
2638 2 75837 0.9977502072177563
2641 1 75838 0.9977633639006933
2642 1 75839 0.9977765205836304
2650 1 75840 0.9977896772665675
2651 1 75841 0.9978028339495046
2653 1 75842 0.9978159906324418
2654 1 75843 0.9978291473153789
2656 2 75845 0.9978554606812531
2658 2 75847 0.9978817740471272
2660 1 75848 0.9978949307300643
2667 2 75850 0.9979212440959385
2669 1 75851 0.9979344007788756
2670 1 75852 0.9979475574618127
2671 1 75853 0.9979607141447498
2673 1 75854 0.997973870827687
2674 1 75855 0.9979870275106241
2679 1 75856 0.9980001841935611
2681 4 75860 0.9980528109253095
2684 1 75861 0.9980659676082466
2686 1 75862 0.9980791242911837
2692 1 75863 0.9980922809741208
2695 1 75864 0.998105437657058
2696 1 75865 0.998118594339995
2698 1 75866 0.9981317510229321
2700 1 75867 0.9981449077058692
2703 2 75869 0.9981712210717434
2705 1 75870 0.9981843777546805
2713 2 75872 0.9982106911205547
2720 2 75874 0.9982370044864289
2722 1 75875 0.9982501611693659
2723 1 75876 0.998263317852303
2725 1 75877 0.9982764745352402
2728 2 75879 0.9983027879011144
2730 2 75881 0.9983291012669886
2737 2 75883 0.9983554146328628
2738 1 75884 0.9983685713157998
2745 1 75885 0.9983817279987369
2746 1 75886 0.998394884681674
2747 1 75887 0.9984080413646111
2749 1 75888 0.9984211980475483
2752 1 75889 0.9984343547304854
2753 1 75890 0.9984475114134225
2756 2 75892 0.9984738247792967
2757 1 75893 0.9984869814622337
2759 1 75894 0.9985001381451708
2762 1 75895 0.9985132948281079
2774 1 75896 0.998526451511045
2776 1 75897 0.9985396081939821
2785 1 75898 0.9985527648769192
2788 2 75900 0.9985790782427935
2789 2 75902 0.9986053916086676
2795 2 75904 0.9986317049745418
2798 1 75905 0.9986448616574789
2801 1 75906 0.998658018340416
2823 1 75907 0.9986711750233531
2826 1 75908 0.9986843317062902
2827 1 75909 0.9986974883892273
2829 1 75910 0.9987106450721644
2831 1 75911 0.9987238017551016
2832 1 75912 0.9987369584380386
2834 1 75913 0.9987501151209757
2836 2 75915 0.9987764284868499
2841 1 75916 0.998789585169787
2851 1 75917 0.9988027418527241
2852 1 75918 0.9988158985356612
2853 1 75919 0.9988290552185983
2854 2 75921 0.9988553685844724
2857 1 75922 0.9988685252674095
2859 1 75923 0.9988816819503467
2860 1 75924 0.9988948386332838
2867 1 75925 0.9989079953162209
2868 1 75926 0.998921151999158
2870 1 75927 0.9989343086820951
2874 1 75928 0.9989474653650322
2878 1 75929 0.9989606220479693
2890 1 75930 0.9989737787309063
2891 1 75931 0.9989869354138434
2896 1 75932 0.9990000920967805
2902 1 75933 0.9990132487797176
2906 1 75934 0.9990264054626548
2911 1 75935 0.9990395621455919
2918 1 75936 0.999052718828529
2919 1 75937 0.9990658755114661
2922 1 75938 0.9990790321944032
2932 1 75939 0.9990921888773402
2949 1 75940 0.9991053455602773
2958 1 75941 0.9991185022432144
2966 1 75942 0.9991316589261515
2969 1 75943 0.9991448156090886
2982 1 75944 0.9991579722920257
2993 1 75945 0.9991711289749629
3015 1 75946 0.9991842856579
3018 1 75947 0.9991974423408371
3023 1 75948 0.9992105990237741
3024 1 75949 0.9992237557067112
3035 1 75950 0.9992369123896483
3036 2 75952 0.9992632257555225
3044 1 75953 0.9992763824384596
3058 1 75954 0.9992895391213967
3059 1 75955 0.9993026958043338
3062 1 75956 0.999315852487271
3064 1 75957 0.9993290091702081
3076 1 75958 0.9993421658531451
3085 1 75959 0.9993553225360822
3088 1 75960 0.9993684792190193
3091 1 75961 0.9993816359019564
3102 2 75963 0.9994079492678306
3105 1 75964 0.9994211059507677
3119 3 75967 0.9994605759995789
3144 1 75968 0.999473732682516
3174 1 75969 0.9994868893654532
3179 1 75970 0.9995000460483903
3215 1 75971 0.9995132027313274
3268 1 75972 0.9995263594142645
3271 1 75973 0.9995395160972016
3289 1 75974 0.9995526727801387
3291 1 75975 0.9995658294630758
3306 1 75976 0.9995789861460128
3309 1 75977 0.9995921428289499
3310 1 75978 0.999605299511887
3316 1 75979 0.9996184561948241
3326 1 75980 0.9996316128777613
3344 1 75981 0.9996447695606984
3345 1 75982 0.9996579262436355
3396 1 75983 0.9996710829265726
3398 1 75984 0.9996842396095097
3408 1 75985 0.9996973962924467
3431 1 75986 0.9997105529753838
3450 1 75987 0.9997237096583209
3472 1 75988 0.999736866341258
3479 1 75989 0.9997500230241951
3535 1 75990 0.9997631797071322
3539 2 75992 0.9997894930730065
3551 1 75993 0.9998026497559436
3553 1 75994 0.9998158064388807
3626 1 75995 0.9998289631218177
3798 1 75996 0.9998421198047548
3808 1 75997 0.9998552764876919
3889 1 75998 0.999868433170629
3946 1 75999 0.9998815898535661
4090 1 76000 0.9998947465365032
4243 1 76001 0.9999079032194403
4257 1 76002 0.9999210599023775
4287 1 76003 0.9999342165853146
4574 1 76004 0.9999473732682516
4575 1 76005 0.9999605299511887
4789 1 76006 0.9999736866341258
4913 1 76007 0.9999868433170629
5009 1 76008 1.0
