SLOWDOWN#1BDP=104000Bytes
#Category,Avg  ,50%  ,95%   ,99%   ,99.9% 
<1BDP,23.006,1.480,129.939,470.571,943.427
>1BDP,26.426,5.409,130.771,423.839,754.291
#
#
#
#
#
#CDF   Size	Avg   50%   95%    99%    99.9% 
#0.050 863	25.614 1.210 153.054 482.734 965.777
#0.100 1740	24.883 1.264 149.799 480.211 958.501
#0.150 2613	23.978 1.291 146.660 474.219 946.928
#0.200 3484	23.644 1.333 140.201 470.122 939.941
#0.250 4177	22.838 1.366 136.326 466.207 930.778
#0.300 4608	21.971 1.382 129.623 463.600 924.981
#0.350 5042	22.572 1.399 132.452 462.197 922.812
#0.400 5473	23.069 1.425 132.617 460.721 920.060
#0.450 5901	22.333 1.425 125.791 458.238 914.538
#0.500 6336	22.434 1.434 129.638 456.775 910.059
#0.550 6767	22.496 1.447 125.498 454.827 909.330
#0.600 7199	22.322 1.460 122.996 453.033 904.603
#0.650 7632	22.200 1.472 123.384 450.993 899.497
#0.700 8506	22.158 1.475 119.314 449.767 900.083
#0.750 12032	22.851 1.529 118.186 443.367 885.548
#0.800 15533	22.259 1.601 114.446 429.353 860.340
#0.850 22992	21.960 1.687 116.808 415.806 825.699
#0.900 31139	23.509 1.795 124.038 391.121 775.677
#0.950 91611	24.043 2.025 132.786 364.763 731.083
#1.000 1999652	25.982 4.918 129.632 418.707 738.445
#
#
#
#
#
ABSOLUTE#1BDP=104000Bytes
#Category,Avg  ,50%  ,95%   ,99%   ,99.9% 
<1BDP,209.663,13.369,1192.580,4042.150,8069.702
>1BDP,1813.380,422.228,5579.842,39410.492,75373.467
#
#
#
#
#
#CDF  ,Size  ,Avg   ,50%   ,95%    ,99%    ,99.9%   >> scale: us-scale
#0.050 863	213.516 9.813 1280.870 4032.190 8076.010
#0.100 1740	208.541 10.328 1259.920 4047.680 8066.120
#0.150 2613	202.774 10.649 1248.470 4030.220 8046.200
#0.200 3484	201.503 11.089 1201.210 4027.540 8057.220
#0.250 4177	195.986 11.482 1177.160 4029.290 8041.920
#0.300 4608	189.453 11.689 1127.420 4027.680 8038.860
#0.350 5042	195.680 11.836 1155.810 4033.560 8056.220
#0.400 5473	200.067 12.174 1161.060 4037.610 8066.620
#0.450 5901	194.767 12.211 1107.170 4031.050 8043.730
#0.500 6336	196.595 12.353 1145.960 4035.210 8034.090
#0.550 6767	197.396 12.516 1114.960 4034.020 8066.980
#0.600 7199	196.765 12.643 1090.750 4035.260 8054.820
#0.650 7632	196.511 12.806 1103.700 4032.830 8038.750
#0.700 8506	196.753 12.959 1071.320 4038.480 8081.000
#0.750 12032	207.226 13.691 1076.140 4047.200 8056.210
#0.800 15533	207.807 14.800 1062.860 4047.710 8095.800
#0.850 22992	213.653 16.340 1121.260 4049.930 8061.000
#0.900 31139	244.285 18.596 1284.940 4089.290 8085.670
#0.950 91611	304.793 26.040 1595.020 4298.400 9376.000
#1.000 1999652	1636.787 292.248 5119.680 36297.500 72971.200
#
#EOF